4 0.00569709 2.40991e-06
6 0.00202313 1.42431e-06
8 0.00097897 9.79803e-07
10 0.000541135 7.40515e-07
12 0.000336136 5.89708e-07
14 0.000223253 4.72577e-07
16 0.000158429 3.94906e-07
18 0.000116572 3.27119e-07
20 8.8593e-05 2.87042e-07
22 6.9282e-05 2.7835e-07
24 5.5458e-05 2.36838e-07
26 4.5392e-05 2.11963e-07
28 3.7398e-05 1.89039e-07
30 3.1516e-05 1.74848e-07
32 2.6894e-05 1.64094e-07
34 2.313e-05 1.53971e-07
36 1.9712e-05 1.37496e-07
38 1.744e-05 1.31097e-07
40 1.4955e-05 1.23154e-07
42 1.3486e-05 1.1969e-07
44 1.1766e-05 1.08182e-07
46 1.0547e-05 1.00069e-07
48 9.702e-06 9.82303e-08
50 8.814e-06 9.83738e-08
52 7.889e-06 9.0668e-08
54 7.082e-06 8.17024e-08
56 6.455e-06 8.18289e-08
58 5.866e-06 7.60003e-08
60 5.445e-06 7.5571e-08
62 5.025e-06 6.9227e-08
64 4.629e-06 7.00525e-08
66 4.369e-06 6.54587e-08
68 4.073e-06 6.39505e-08
70 3.797e-06 6.12192e-08
72 3.397e-06 5.81325e-08
74 3.318e-06 5.97903e-08
76 3.001e-06 5.54346e-08
78 2.789e-06 5.3446e-08
80 2.667e-06 5.08538e-08
82 2.519e-06 5.05138e-08
84 2.314e-06 4.8181e-08
86 2.18e-06 4.70064e-08
88 2.105e-06 4.57818e-08
90 1.986e-06 4.40886e-08
92 1.831e-06 4.31328e-08
94 1.748e-06 4.33416e-08
96 1.663e-06 4.01177e-08
98 1.621e-06 3.90046e-08
100 1.436e-06 3.75487e-08
102 1.435e-06 3.80496e-08
104 1.419e-06 3.82549e-08
106 1.285e-06 3.54933e-08
108 1.282e-06 3.62557e-08
110 1.222e-06 3.45936e-08
112 1.137e-06 3.35594e-08
114 1.075e-06 3.09415e-08
116 1.057e-06 3.2707e-08
118 9.83e-07 3.0866e-08
120 9.88e-07 3.08522e-08
122 9.43e-07 3.03604e-08
124 8.97e-07 2.96377e-08
126 8.48e-07 2.95109e-08
128 7.69e-07 2.81361e-08
130 7.62e-07 2.78811e-08
132 7.25e-07 2.55612e-08
134 7.01e-07 2.64499e-08
136 6.6e-07 2.61992e-08
138 6.77e-07 2.55474e-08
140 6.62e-07 2.53723e-08
142 6.5e-07 2.57973e-08
144 5.82e-07 2.52047e-08
146 6.13e-07 2.47231e-08
148 5.47e-07 2.30172e-08
150 5.64e-07 2.345e-08
152 4.97e-07 2.19087e-08
154 5.11e-07 2.14914e-08
156 5.07e-07 2.227e-08
158 5.01e-07 2.19089e-08
160 4.95e-07 2.1725e-08
162 4.34e-07 2.10629e-08
164 4.29e-07 1.94154e-08
166 4.31e-07 2.05728e-08
168 4.14e-07 2.03618e-08
170 4.39e-07 2.14075e-08
172 4.19e-07 2.08672e-08
174 3.93e-07 1.96609e-08
176 3.63e-07 1.86877e-08
178 3.15e-07 1.78823e-08
180 3.5e-07 1.92224e-08
182 3.35e-07 1.80215e-08
184 3.05e-07 1.73774e-08
186 2.97e-07 1.63337e-08
188 3.18e-07 1.76883e-08
190 3.09e-07 1.74218e-08
192 2.96e-07 1.77309e-08
194 3.08e-07 1.7004e-08
196 2.66e-07 1.55963e-08
198 2.53e-07 1.55882e-08
200 2.65e-07 1.60242e-08
202 2.28e-07 1.55569e-08
204 2.65e-07 1.59617e-08
206 2.33e-07 1.5707e-08
208 2.48e-07 1.57638e-08
210 2.75e-07 1.63516e-08
212 2.16e-07 1.43994e-08
214 2.37e-07 1.47252e-08
216 1.83e-07 1.31724e-08
218 2.1e-07 1.41386e-08
220 2.31e-07 1.57365e-08
222 1.97e-07 1.40068e-08
224 2.15e-07 1.53875e-08
226 1.95e-07 1.38915e-08
228 1.89e-07 1.3464e-08
230 1.87e-07 1.34919e-08
232 1.58e-07 1.27686e-08
234 1.83e-07 1.33982e-08
236 1.58e-07 1.27686e-08
238 1.74e-07 1.27955e-08
240 1.77e-07 1.31784e-08
242 1.77e-07 1.35525e-08
244 1.55e-07 1.2999e-08
246 1.55e-07 1.26085e-08
248 1.52e-07 1.2284e-08
250 1.49e-07 1.21161e-08
252 1.34e-07 1.1491e-08
254 1.38e-07 1.19564e-08
256 1.43e-07 1.17708e-08
258 1.57e-07 1.2504e-08
260 1.34e-07 1.12269e-08
262 1.34e-07 1.12269e-08
264 1.5e-07 1.23895e-08
266 1.06e-07 1.02354e-08
268 1.06e-07 1.05244e-08
270 1.33e-07 1.16323e-08
272 1.36e-07 1.16406e-08
274 1.26e-07 1.1051e-08
276 1.29e-07 1.11516e-08
278 1.07e-07 1.05618e-08
280 1.04e-07 1.0353e-08
282 1.2e-07 1.1296e-08
284 1.1e-07 1.03875e-08
286 9e-08 9.3755e-09
288 1.16e-07 1.0514e-08
290 1.14e-07 1.0724e-08
292 1.1e-07 1.02908e-08
294 9.4e-08 9.65215e-09
296 1.04e-07 1.04491e-08
298 1e-07 9.79796e-09
300 1e-07 1.02956e-08
302 1.06e-07 1.02354e-08
304 8.2e-08 9.01532e-09
306 8.1e-08 8.85658e-09
308 8.7e-08 9.24289e-09
310 9.8e-08 1.01191e-08
312 8.3e-08 8.83804e-09
314 8.2e-08 8.79068e-09
316 7.5e-08 8.79631e-09
318 7e-08 8.54985e-09
320 9.7e-08 9.77706e-09
322 7.4e-08 8.5161e-09
324 7.6e-08 8.49847e-09
326 7.5e-08 8.56592e-09
328 7.6e-08 8.61534e-09
330 1.02e-07 1.01782e-08
332 6.9e-08 8.13873e-09
334 7.9e-08 8.87463e-09
336 9e-08 9.58645e-09
338 7.4e-08 8.63273e-09
340 8e-08 9.03327e-09
342 6.9e-08 8.26069e-09
344 7.9e-08 8.64633e-09
346 5.6e-08 7.80154e-09
348 6.6e-08 7.85137e-09
350 7e-08 8.19146e-09
352 7.4e-08 8.39786e-09
354 6.2e-08 8.00974e-09
356 5.6e-08 7.40702e-09
358 6.1e-08 7.82809e-09
360 5.8e-08 7.39162e-09
362 6.9e-08 8.13873e-09
364 7.4e-08 8.86138e-09
366 6.6e-08 7.97772e-09
368 7.8e-08 8.59744e-09
370 4.5e-08 6.55553e-09
372 4.8e-08 7.46298e-09
374 5.9e-08 7.8434e-09
376 5.9e-08 7.71486e-09
378 6.4e-08 7.86791e-09
380 3.9e-08 6.12201e-09
382 5.3e-08 7.49607e-09
384 5.6e-08 7.40702e-09
386 4.9e-08 7.25252e-09
388 4.1e-08 6.27049e-09
390 4.6e-08 6.91983e-09
392 4.9e-08 7.1133e-09
394 3.7e-08 6.13441e-09
396 4.4e-08 6.78705e-09
398 5.3e-08 7.49607e-09
400 5e-08 7.03562e-09
402 5e-08 6.89202e-09
404 5.3e-08 7.22433e-09
406 3.1e-08 5.48078e-09
408 3.9e-08 6.28323e-09
410 4.4e-08 6.63807e-09
412 4.6e-08 7.20305e-09
414 3.4e-08 6.06993e-09
416 3.6e-08 5.89101e-09
418 5e-08 7.03562e-09
420 4.7e-08 6.84039e-09
422 4.7e-08 7.12678e-09
424 5.6e-08 7.27076e-09
426 4.1e-08 6.27049e-09
428 3.1e-08 5.48078e-09
430 3.5e-08 5.81163e-09
432 5.2e-08 7.56941e-09
434 3.8e-08 6.20935e-09
436 3.8e-08 6.5235e-09
438 2.6e-08 5.0323e-09
440 2.9e-08 5.49172e-09
442 3.8e-08 6.20935e-09
444 3.3e-08 5.64898e-09
446 3.7e-08 6.45221e-09
448 3.2e-08 5.56561e-09
450 3.3e-08 5.64898e-09
452 3.3e-08 5.64898e-09
454 3.9e-08 6.12201e-09
456 3.8e-08 6.20935e-09
458 2.8e-08 5.2169e-09
460 3.5e-08 5.98122e-09
462 4.2e-08 6.34319e-09
464 3.7e-08 6.13441e-09
466 1.6e-08 3.96787e-09
468 3e-08 5.39444e-09
470 4.2e-08 6.34319e-09
472 2.9e-08 5.30651e-09
474 3.4e-08 5.73097e-09
476 2.9e-08 5.30651e-09
478 2.8e-08 5.40518e-09
480 3.1e-08 5.6603e-09
482 2.7e-08 5.12552e-09
484 3.1e-08 5.6603e-09
486 3.1e-08 6.00325e-09
488 3e-08 5.57674e-09
490 3.3e-08 5.82332e-09
492 1.7e-08 4.08791e-09
494 4e-08 6.3561e-09
496 2.4e-08 4.83983e-09
498 2.8e-08 5.40518e-09
500 3.2e-08 5.56561e-09
502 3.5e-08 5.81163e-09
504 3.8e-08 6.04616e-09
506 2.1e-08 4.5342e-09
508 2e-08 4.42719e-09
510 3.3e-08 5.82332e-09
512 2.3e-08 4.74036e-09
514 3e-08 5.39444e-09
516 2.2e-08 4.84933e-09
518 2.6e-08 5.0323e-09
520 2e-08 4.42719e-09
522 2e-08 4.42719e-09
524 2.2e-08 4.84933e-09
526 2.1e-08 4.5342e-09
528 1.9e-08 4.31729e-09
530 2.6e-08 5.0323e-09
532 1.7e-08 4.08791e-09
534 2.6e-08 5.0323e-09
536 1.9e-08 4.31729e-09
538 3.2e-08 5.56561e-09
540 2.2e-08 4.84933e-09
542 2.4e-08 5.04222e-09
544 1.9e-08 4.54302e-09
546 2.1e-08 4.9557e-09
548 1.4e-08 3.71537e-09
550 2.1e-08 4.5342e-09
552 1.4e-08 3.71537e-09
554 2.8e-08 5.2169e-09
556 1.7e-08 4.08791e-09
558 1.7e-08 4.32562e-09
560 2.7e-08 5.12552e-09
562 1.5e-08 3.84383e-09
564 1.9e-08 4.54302e-09
566 1.8e-08 4.20428e-09
568 2e-08 4.42719e-09
570 1.7e-08 4.32562e-09
572 1.9e-08 4.31729e-09
574 1.4e-08 3.71537e-09
576 1.4e-08 3.71537e-09
578 2.3e-08 4.74036e-09
580 2.2e-08 4.63853e-09
582 1.6e-08 3.96787e-09
584 2.1e-08 4.74963e-09
586 2.2e-08 4.63853e-09
588 1.7e-08 4.08791e-09
590 2.1e-08 4.5342e-09
592 1.2e-08 3.44325e-09
594 1.6e-08 3.96787e-09
596 2.3e-08 4.74036e-09
598 1.1e-08 3.29833e-09
600 1.9e-08 4.54302e-09
602 1.7e-08 4.08791e-09
604 1.3e-08 3.58204e-09
606 1.9e-08 4.31729e-09
608 1.7e-08 4.32562e-09
610 1.4e-08 3.71537e-09
612 1.4e-08 3.71537e-09
614 2.1e-08 4.5342e-09
616 1.6e-08 3.96787e-09
618 1.6e-08 3.96787e-09
620 1.2e-08 3.44325e-09
622 1.3e-08 3.58204e-09
624 9e-09 3.30439e-09
626 1.2e-08 3.44325e-09
628 1.5e-08 3.84383e-09
630 2e-08 4.64758e-09
632 2.3e-08 4.94682e-09
634 1.3e-08 3.58204e-09
636 1.3e-08 3.58204e-09
638 9e-09 2.98647e-09
640 1.7e-08 4.08791e-09
642 1e-08 3.14643e-09
644 1.5e-08 3.84383e-09
646 9e-09 2.98647e-09
648 1.8e-08 4.20428e-09
650 1.1e-08 3.29833e-09
652 1.7e-08 4.08791e-09
654 1.4e-08 3.71537e-09
656 6e-09 2.44213e-09
658 2e-08 4.85798e-09
660 2.3e-08 4.94682e-09
662 1e-08 3.14643e-09
664 1.9e-08 4.31729e-09
666 7e-09 2.63647e-09
668 1.1e-08 3.29833e-09
670 1.2e-08 3.44325e-09
672 1.4e-08 3.71537e-09
674 1.4e-08 3.71537e-09
676 9e-09 2.98647e-09
678 1.6e-08 3.96787e-09
680 1.4e-08 3.71537e-09
682 1.1e-08 3.29833e-09
684 1.3e-08 3.58204e-09
686 1.3e-08 3.58204e-09
688 1.3e-08 3.58204e-09
690 8e-09 2.81709e-09
692 5e-09 2.23047e-09
694 8e-09 2.81709e-09
696 1.2e-08 3.44325e-09
698 1.1e-08 3.29833e-09
700 1.7e-08 4.08791e-09
702 9e-09 2.98647e-09
704 1e-08 3.14643e-09
706 1.4e-08 3.71537e-09
708 1.5e-08 3.84383e-09
710 8e-09 2.81709e-09
712 1.5e-08 3.84383e-09
714 1.9e-08 4.31729e-09
716 1e-08 3.14643e-09
718 7e-09 2.63647e-09
720 1.2e-08 3.44325e-09
722 9e-09 2.98647e-09
724 1.3e-08 3.58204e-09
726 1e-08 3.14643e-09
728 1.4e-08 3.71537e-09
730 8e-09 2.81709e-09
732 1.3e-08 3.58204e-09
734 1.1e-08 3.29833e-09
736 1.6e-08 3.96787e-09
738 1.5e-08 3.84383e-09
740 1.5e-08 3.84383e-09
742 9e-09 2.98647e-09
744 1.1e-08 3.29833e-09
746 5e-09 2.23047e-09
748 1.4e-08 3.71537e-09
750 5e-09 2.23047e-09
752 1e-08 3.14643e-09
754 1.1e-08 3.29833e-09
756 1e-08 3.14643e-09
758 1e-08 3.14643e-09
760 1e-08 3.14643e-09
762 9e-09 2.98647e-09
764 9e-09 2.98647e-09
766 5e-09 2.23047e-09
768 9e-09 2.98647e-09
770 1.1e-08 3.29833e-09
772 7e-09 2.63647e-09
774 4e-09 1.996e-09
776 1.3e-08 3.58204e-09
778 8e-09 2.81709e-09
780 9e-09 3.30439e-09
782 1.2e-08 3.44325e-09
784 4e-09 1.996e-09
786 9e-09 2.98647e-09
788 7e-09 2.63647e-09
790 1e-08 3.14643e-09
792 9e-09 2.98647e-09
794 1e-08 3.14643e-09
796 3e-09 1.72945e-09
798 6e-09 2.44213e-09
800 1.3e-08 3.58204e-09
802 8e-09 2.81709e-09
804 1.2e-08 3.44325e-09
806 5e-09 2.23047e-09
808 1e-08 3.14643e-09
810 8e-09 2.81709e-09
812 7e-09 2.63647e-09
814 3e-09 1.72945e-09
816 5e-09 2.23047e-09
818 2e-09 1.4128e-09
820 7e-09 2.63647e-09
822 7e-09 2.63647e-09
824 8e-09 2.81709e-09
826 9e-09 2.98647e-09
828 6e-09 2.44213e-09
830 5e-09 2.23047e-09
832 4e-09 1.996e-09
834 6e-09 2.44213e-09
836 6e-09 2.44213e-09
838 5e-09 2.23047e-09
840 1.6e-08 3.96787e-09
842 5e-09 2.23047e-09
844 5e-09 2.23047e-09
846 6e-09 2.44213e-09
848 6e-09 2.44213e-09
850 2e-09 1.4128e-09
852 8e-09 2.81709e-09
854 6e-09 2.44213e-09
856 7e-09 2.63647e-09
858 6e-09 2.44213e-09
860 9e-09 2.98647e-09
862 7e-09 2.63647e-09
864 9e-09 2.98647e-09
866 5e-09 2.64102e-09
868 3e-09 1.72945e-09
870 5e-09 2.23047e-09
872 6e-09 2.44213e-09
874 6e-09 2.44213e-09
876 4e-09 1.996e-09
878 8e-09 2.81709e-09
880 6e-09 2.44213e-09
882 7e-09 2.63647e-09
884 3e-09 1.72945e-09
886 6e-09 2.44213e-09
888 4e-09 1.996e-09
890 3e-09 1.72945e-09
892 1e-09 9.995e-10
894 8e-09 2.81709e-09
896 7e-09 2.63647e-09
898 6e-09 2.44213e-09
900 4e-09 1.996e-09
902 8e-09 2.81709e-09
904 7e-09 2.63647e-09
906 1.3e-08 3.58204e-09
908 4e-09 1.996e-09
910 4e-09 1.996e-09
912 2e-09 1.4128e-09
914 7e-09 2.63647e-09
916 3e-09 1.72945e-09
918 8e-09 2.81709e-09
920 3e-09 1.72945e-09
922 1.2e-08 3.44325e-09
924 6e-09 2.44213e-09
926 1.1e-08 3.29833e-09
928 6e-09 2.44213e-09
930 3e-09 1.72945e-09
932 5e-09 2.23047e-09
934 6e-09 2.44213e-09
936 7e-09 2.63647e-09
938 5e-09 2.23047e-09
940 4e-09 1.996e-09
942 8e-09 2.81709e-09
944 7e-09 2.63647e-09
946 1.2e-08 3.44325e-09
948 3e-09 1.72945e-09
950 3e-09 1.72945e-09
952 7e-09 2.63647e-09
954 5e-09 2.23047e-09
956 1e-09 9.995e-10
958 5e-09 2.23047e-09
960 4e-09 1.996e-09
962 2e-09 1.4128e-09
964 3e-09 1.72945e-09
966 1e-08 3.14643e-09
968 1e-09 9.995e-10
970 2e-09 1.4128e-09
972 6e-09 2.44213e-09
974 5e-09 2.23047e-09
976 7e-09 2.63647e-09
978 7e-09 2.63647e-09
980 2e-09 1.4128e-09
982 7e-09 2.63647e-09
984 6e-09 2.44213e-09
986 1e-08 3.44964e-09
988 8e-09 3.15214e-09
990 5e-09 2.23047e-09
992 7e-09 2.63647e-09
994 4e-09 1.996e-09
996 5e-09 2.23047e-09
998 4e-09 1.996e-09
1000 6e-09 2.44213e-09
1002 4e-09 1.996e-09
1004 5e-09 2.23047e-09
1006 9e-09 2.98647e-09
1008 5e-09 2.23047e-09
1010 3e-09 1.72945e-09
1012 5e-09 2.23047e-09
1014 2e-09 1.4128e-09
1016 8e-09 2.81709e-09
1018 8e-09 2.81709e-09
1020 4e-09 1.996e-09
1022 5e-09 2.23047e-09
1024 4e-09 1.996e-09
1026 5e-09 2.23047e-09
1028 3e-09 1.72945e-09
1030 7e-09 2.63647e-09
1032 4e-09 1.996e-09
1034 5e-09 2.23047e-09
1036 2e-09 1.4128e-09
1038 6e-09 2.44213e-09
1040 5e-09 2.23047e-09
1042 2e-09 1.4128e-09
1044 4e-09 1.996e-09
1046 3e-09 1.72945e-09
1048 5e-09 2.23047e-09
1050 5e-09 2.23047e-09
1052 3e-09 1.72945e-09
1054 6e-09 2.44213e-09
1056 6e-09 2.44213e-09
1058 3e-09 1.72945e-09
1060 3e-09 1.72945e-09
1062 1e-09 9.995e-10
1064 3e-09 1.72945e-09
1066 3e-09 1.72945e-09
1068 4e-09 1.996e-09
1070 8e-09 2.81709e-09
1072 4e-09 1.996e-09
1074 5e-09 2.23047e-09
1076 2e-09 1.4128e-09
1078 2e-09 1.4128e-09
1080 5e-09 2.23047e-09
1082 5e-09 2.23047e-09
1084 4e-09 1.996e-09
1086 4e-09 1.996e-09
1088 4e-09 1.996e-09
1090 6e-09 2.44213e-09
1092 4e-09 1.996e-09
1094 3e-09 1.72945e-09
1096 2e-09 1.4128e-09
1098 1.1e-08 3.29833e-09
1100 4e-09 1.996e-09
1102 4e-09 1.996e-09
1104 1e-09 9.995e-10
1106 2e-09 1.4128e-09
1108 3e-09 1.72945e-09
1110 6e-09 2.44213e-09
1112 4e-09 1.996e-09
1114 3e-09 1.72945e-09
1116 2e-09 1.4128e-09
1118 3e-09 1.72945e-09
1120 1e-09 9.995e-10
1122 4e-09 1.996e-09
1124 4e-09 1.996e-09
1126 5e-09 2.23047e-09
1128 1e-09 9.995e-10
1130 4e-09 1.996e-09
1132 2e-09 1.4128e-09
1134 5e-09 2.23047e-09
1136 4e-09 1.996e-09
1138 1e-09 9.995e-10
1140 2e-09 1.4128e-09
1142 4e-09 1.996e-09
1144 2e-09 1.4128e-09
1146 4e-09 1.996e-09
1148 6e-09 2.44213e-09
1150 5e-09 2.23047e-09
1152 6e-09 2.44213e-09
1154 1e-09 9.995e-10
1156 1e-09 9.995e-10
1158 1e-09 9.995e-10
1160 2e-09 1.4128e-09
1162 1e-09 9.995e-10
1164 5e-09 2.23047e-09
1166 3e-09 1.72945e-09
1168 3e-09 1.72945e-09
1170 1e-09 9.995e-10
1172 1e-09 9.995e-10
1174 4e-09 1.996e-09
1176 5e-09 2.23047e-09
1178 5e-09 2.23047e-09
1180 4e-09 1.996e-09
1182 3e-09 1.72945e-09
1184 7e-09 2.63647e-09
1186 5e-09 2.23047e-09
1188 3e-09 1.72945e-09
1190 3e-09 1.72945e-09
1192 4e-09 1.996e-09
1194 3e-09 1.72945e-09
1196 4e-09 1.996e-09
1200 4e-09 1.996e-09
1202 5e-09 2.23047e-09
1204 1e-09 9.995e-10
1206 2e-09 1.4128e-09
1208 2e-09 1.4128e-09
1210 1e-09 9.995e-10
1212 2e-09 1.4128e-09
1214 3e-09 1.72945e-09
1216 2e-09 1.4128e-09
1218 3e-09 1.72945e-09
1220 2e-09 1.4128e-09
1222 1e-09 9.995e-10
1224 2e-09 1.4128e-09
1226 3e-09 1.72945e-09
1228 4e-09 1.996e-09
1230 2e-09 1.4128e-09
1232 1e-09 9.995e-10
1234 5e-09 2.23047e-09
1236 3e-09 1.72945e-09
1238 3e-09 1.72945e-09
1240 3e-09 1.72945e-09
1242 4e-09 1.996e-09
1244 3e-09 1.72945e-09
1246 1e-09 9.995e-10
1248 5e-09 2.23047e-09
1250 4e-09 1.996e-09
1252 2e-09 1.4128e-09
1254 3e-09 1.72945e-09
1256 4e-09 1.996e-09
1258 5e-09 2.23047e-09
1260 3e-09 1.72945e-09
1262 2e-09 1.4128e-09
1264 3e-09 1.72945e-09
1266 1e-09 9.995e-10
1268 1e-09 9.995e-10
1270 2e-09 1.4128e-09
1272 1e-09 9.995e-10
1274 4e-09 1.996e-09
1276 3e-09 1.72945e-09
1278 3e-09 1.72945e-09
1280 4e-09 1.996e-09
1282 1e-09 9.995e-10
1284 3e-09 1.72945e-09
1286 5e-09 2.23047e-09
1288 4e-09 1.996e-09
1290 2e-09 1.4128e-09
1292 6e-09 2.44213e-09
1294 3e-09 1.72945e-09
1296 1e-09 9.995e-10
1298 3e-09 1.72945e-09
1300 1e-09 9.995e-10
1302 3e-09 1.72945e-09
1306 1e-09 9.995e-10
1310 1e-09 9.995e-10
1312 3e-09 1.72945e-09
1314 4e-09 1.996e-09
1316 1e-09 9.995e-10
1318 2e-09 1.4128e-09
1322 1e-09 9.995e-10
1326 4e-09 1.996e-09
1328 4e-09 1.996e-09
1330 1e-09 9.995e-10
1332 1e-09 9.995e-10
1334 2e-09 1.4128e-09
1336 6e-09 2.44213e-09
1338 5e-09 2.23047e-09
1340 3e-09 1.72945e-09
1344 2e-09 1.4128e-09
1346 4e-09 1.996e-09
1348 5e-09 2.23047e-09
1350 3e-09 1.72945e-09
1352 3e-09 1.72945e-09
1354 3e-09 1.72945e-09
1356 2e-09 1.4128e-09
1358 1e-09 9.995e-10
1360 1e-09 9.995e-10
1362 5e-09 2.23047e-09
1364 5e-09 2.23047e-09
1366 4e-09 1.996e-09
1370 4e-09 1.996e-09
1372 4e-09 1.996e-09
1374 1e-09 9.995e-10
1376 1e-09 9.995e-10
1378 2e-09 1.4128e-09
1380 4e-09 1.996e-09
1384 3e-09 1.72945e-09
1386 4e-09 1.996e-09
1390 2e-09 1.4128e-09
1392 2e-09 1.4128e-09
1394 4e-09 1.996e-09
1396 1e-09 9.995e-10
1398 1e-09 9.995e-10
1400 3e-09 1.72945e-09
1404 1e-09 9.995e-10
1406 2e-09 1.4128e-09
1408 2e-09 1.4128e-09
1410 4e-09 1.996e-09
1412 2e-09 1.4128e-09
1414 2e-09 1.4128e-09
1416 5e-09 2.23047e-09
1418 3e-09 1.72945e-09
1420 1e-09 9.995e-10
1422 2e-09 1.4128e-09
1426 1e-09 9.995e-10
1430 4e-09 1.996e-09
1432 2e-09 1.4128e-09
1434 6e-09 2.44213e-09
1436 2e-09 1.4128e-09
1438 1e-09 9.995e-10
1440 4e-09 1.996e-09
1442 2e-09 1.4128e-09
1444 1e-09 9.995e-10
1446 2e-09 1.4128e-09
1448 2e-09 1.4128e-09
1450 3e-09 1.72945e-09
1452 1e-09 9.995e-10
1454 3e-09 1.72945e-09
1456 1e-09 9.995e-10
1458 2e-09 1.4128e-09
1460 2e-09 1.4128e-09
1462 1e-09 9.995e-10
1464 1e-09 9.995e-10
1466 2e-09 1.4128e-09
1468 1e-09 9.995e-10
1470 1e-09 9.995e-10
1472 4e-09 1.996e-09
1476 1e-09 9.995e-10
1478 3e-09 1.72945e-09
1480 4e-09 1.996e-09
1482 1e-09 9.995e-10
1484 2e-09 1.4128e-09
1486 2e-09 1.4128e-09
1488 4e-09 1.996e-09
1490 2e-09 1.4128e-09
1492 1e-09 9.995e-10
1494 4e-09 1.996e-09
1496 3e-09 1.72945e-09
1498 1e-09 9.995e-10
1500 3e-09 1.72945e-09
1502 1e-09 9.995e-10
1504 1e-09 9.995e-10
1506 4e-09 1.996e-09
1508 1e-09 9.995e-10
1514 2e-09 1.4128e-09
1516 3e-09 1.72945e-09
1518 1e-09 9.995e-10
1520 2e-09 1.4128e-09
1522 4e-09 1.996e-09
1526 2e-09 1.4128e-09
1530 1e-09 9.995e-10
1532 2e-09 1.4128e-09
1534 2e-09 1.4128e-09
1536 4e-09 1.996e-09
1538 2e-09 1.4128e-09
1540 1e-09 9.995e-10
1542 4e-09 1.996e-09
1544 3e-09 1.72945e-09
1546 1e-09 9.995e-10
1548 1e-09 9.995e-10
1552 2e-09 1.4128e-09
1556 1e-09 9.995e-10
1558 2e-09 1.4128e-09
1560 1e-09 9.995e-10
1564 3e-09 1.72945e-09
1566 1e-09 9.995e-10
1568 3e-09 1.72945e-09
1570 1e-09 9.995e-10
1572 2e-09 1.4128e-09
1574 2e-09 1.4128e-09
1576 5e-09 2.23047e-09
1578 2e-09 1.4128e-09
1580 1e-09 9.995e-10
1582 1e-09 9.995e-10
1586 3e-09 1.72945e-09
1588 1e-09 9.995e-10
1590 1e-09 9.995e-10
1594 1e-09 9.995e-10
1596 1e-09 9.995e-10
1598 1e-09 9.995e-10
1600 1e-09 9.995e-10
1602 1e-09 9.995e-10
1604 2e-09 1.4128e-09
1606 2e-09 1.4128e-09
1608 2e-09 1.4128e-09
1610 5e-09 2.23047e-09
1614 1e-09 9.995e-10
1618 2e-09 1.4128e-09
1620 2e-09 1.4128e-09
1622 5e-09 2.23047e-09
1624 1e-09 9.995e-10
1626 1e-09 9.995e-10
1628 1e-09 9.995e-10
1632 1e-09 9.995e-10
1634 1e-09 9.995e-10
1636 1e-09 9.995e-10
1640 1e-09 9.995e-10
1642 1e-09 9.995e-10
1644 4e-09 1.996e-09
1656 1e-09 9.995e-10
1658 3e-09 1.72945e-09
1662 3e-09 1.72945e-09
1664 1e-09 9.995e-10
1666 3e-09 1.72945e-09
1670 2e-09 1.4128e-09
1674 1e-09 9.995e-10
1676 2e-09 1.4128e-09
1678 2e-09 1.4128e-09
1680 2e-09 1.4128e-09
1682 1e-09 9.995e-10
1686 2e-09 1.4128e-09
1688 2e-09 1.4128e-09
1690 4e-09 1.996e-09
1692 1e-09 9.995e-10
1698 2e-09 1.4128e-09
1700 3e-09 1.72945e-09
1704 1e-09 9.995e-10
1706 2e-09 1.4128e-09
1708 3e-09 1.72945e-09
1714 3e-09 1.72945e-09
1718 1e-09 9.995e-10
1720 1e-09 9.995e-10
1722 1e-09 9.995e-10
1726 4e-09 1.996e-09
1728 1e-09 9.995e-10
1730 1e-09 9.995e-10
1732 2e-09 1.4128e-09
1734 1e-09 9.995e-10
1736 1e-09 9.995e-10
1740 2e-09 1.4128e-09
1744 1e-09 9.995e-10
1746 3e-09 1.72945e-09
1752 1e-09 9.995e-10
1754 1e-09 9.995e-10
1756 1e-09 9.995e-10
1762 2e-09 1.4128e-09
1768 1e-09 9.995e-10
1770 1e-09 9.995e-10
1774 2e-09 1.4128e-09
1776 2e-09 1.4128e-09
1778 1e-09 9.995e-10
1780 1e-09 9.995e-10
1788 1e-09 9.995e-10
1792 2e-09 1.4128e-09
1794 1e-09 9.995e-10
1796 1e-09 9.995e-10
1798 2e-09 1.4128e-09
1800 3e-09 1.72945e-09
1802 4e-09 1.996e-09
1804 1e-09 9.995e-10
1808 2e-09 1.4128e-09
1816 2e-09 1.4128e-09
1818 1e-09 9.995e-10
1820 1e-09 9.995e-10
1826 1e-09 9.995e-10
1828 1e-09 9.995e-10
1830 2e-09 1.4128e-09
1834 1e-09 9.995e-10
1838 1e-09 9.995e-10
1840 2e-09 1.4128e-09
1842 2e-09 1.4128e-09
1844 2e-09 1.4128e-09
1846 1e-09 9.995e-10
1854 1e-09 9.995e-10
1858 1e-09 9.995e-10
1862 1e-09 9.995e-10
1864 3e-09 1.72945e-09
1868 1e-09 9.995e-10
1872 1e-09 9.995e-10
1878 1e-09 9.995e-10
1882 2e-09 1.4128e-09
1886 2e-09 1.4128e-09
1888 3e-09 1.72945e-09
1890 1e-09 9.995e-10
1898 5e-09 2.23047e-09
1900 1e-09 9.995e-10
1904 1e-09 9.995e-10
1906 1e-09 9.995e-10
1908 1e-09 9.995e-10
1910 1e-09 9.995e-10
1912 1e-09 9.995e-10
1914 1e-09 9.995e-10
1918 2e-09 1.4128e-09
1922 2e-09 1.4128e-09
1924 1e-09 9.995e-10
1926 1e-09 9.995e-10
1928 1e-09 9.995e-10
1930 2e-09 1.4128e-09
1932 4e-09 1.996e-09
1934 1e-09 9.995e-10
1936 3e-09 1.72945e-09
1940 3e-09 1.72945e-09
1942 1e-09 9.995e-10
1946 1e-09 9.995e-10
1948 3e-09 1.72945e-09
1950 1e-09 9.995e-10
1952 1e-09 9.995e-10
1958 1e-09 9.995e-10
1962 1e-09 9.995e-10
1964 1e-09 9.995e-10
1968 1e-09 9.995e-10
1972 1e-09 9.995e-10
1976 1e-09 9.995e-10
1978 2e-09 1.4128e-09
1980 2e-09 1.4128e-09
1982 1e-09 9.995e-10
1984 2e-09 1.4128e-09
1986 1e-09 9.995e-10
1996 1e-09 9.995e-10
1998 2e-09 1.4128e-09
2000 1e-09 9.995e-10
2002 2e-09 1.4128e-09
2004 1e-09 9.995e-10
2010 1e-09 9.995e-10
2012 1e-09 9.995e-10
2024 1e-09 9.995e-10
2028 1e-09 9.995e-10
2030 1e-09 9.995e-10
2032 1e-09 9.995e-10
2036 1e-09 9.995e-10
2040 1e-09 9.995e-10
2044 1e-09 9.995e-10
2048 1e-09 9.995e-10
2050 1e-09 9.995e-10
2052 1e-09 9.995e-10
2056 1e-09 9.995e-10
2062 2e-09 1.4128e-09
2064 3e-09 1.72945e-09
2066 1e-09 9.995e-10
2074 1e-09 9.995e-10
2080 4e-09 1.996e-09
2082 1e-09 9.995e-10
2084 1e-09 9.995e-10
2086 1e-09 9.995e-10
2092 2e-09 1.4128e-09
2096 2e-09 1.4128e-09
2100 1e-09 9.995e-10
2102 1e-09 9.995e-10
2106 1e-09 9.995e-10
2114 1e-09 9.995e-10
2116 1e-09 9.995e-10
2120 1e-09 9.995e-10
2122 2e-09 1.4128e-09
2124 1e-09 9.995e-10
2126 1e-09 9.995e-10
2132 2e-09 1.4128e-09
2136 3e-09 1.72945e-09
2138 1e-09 9.995e-10
2140 2e-09 1.4128e-09
2142 1e-09 9.995e-10
2144 2e-09 1.4128e-09
2146 1e-09 9.995e-10
2150 3e-09 1.72945e-09
2152 1e-09 9.995e-10
2160 1e-09 9.995e-10
2164 1e-09 9.995e-10
2166 1e-09 9.995e-10
2170 2e-09 1.4128e-09
2174 1e-09 9.995e-10
2176 2e-09 1.4128e-09
2178 1e-09 9.995e-10
2182 4e-09 1.996e-09
2184 3e-09 1.72945e-09
2186 2e-09 1.4128e-09
2192 1e-09 9.995e-10
2194 1e-09 9.995e-10
2202 1e-09 9.995e-10
2204 1e-09 9.995e-10
2208 1e-09 9.995e-10
2214 2e-09 1.4128e-09
2220 1e-09 9.995e-10
2224 1e-09 9.995e-10
2226 2e-09 1.4128e-09
2236 1e-09 9.995e-10
2240 1e-09 9.995e-10
2244 1e-09 9.995e-10
2250 2e-09 1.4128e-09
2252 2e-09 1.4128e-09
2258 1e-09 9.995e-10
2260 2e-09 1.4128e-09
2264 2e-09 1.4128e-09
2268 2e-09 1.4128e-09
2272 1e-09 9.995e-10
2274 1e-09 9.995e-10
2276 1e-09 9.995e-10
2278 1e-09 9.995e-10
2282 1e-09 9.995e-10
2290 3e-09 1.72945e-09
2294 3e-09 1.72945e-09
2298 1e-09 9.995e-10
2306 1e-09 9.995e-10
2314 1e-09 9.995e-10
2318 1e-09 9.995e-10
2322 1e-09 9.995e-10
2326 1e-09 9.995e-10
2328 3e-09 1.72945e-09
2330 1e-09 9.995e-10
2334 3e-09 1.72945e-09
2336 1e-09 9.995e-10
2338 1e-09 9.995e-10
2340 2e-09 1.4128e-09
2344 1e-09 9.995e-10
2348 2e-09 1.4128e-09
2350 1e-09 9.995e-10
2352 1e-09 9.995e-10
2356 1e-09 9.995e-10
2358 1e-09 9.995e-10
2360 1e-09 9.995e-10
2362 1e-09 9.995e-10
2364 1e-09 9.995e-10
2374 1e-09 9.995e-10
2382 1e-09 9.995e-10
2384 1e-09 9.995e-10
2386 1e-09 9.995e-10
2388 1e-09 9.995e-10
2392 1e-09 9.995e-10
2396 1e-09 9.995e-10
2400 1e-09 9.995e-10
2414 1e-09 9.995e-10
2416 1e-09 9.995e-10
2420 1e-09 9.995e-10
2430 1e-09 9.995e-10
2432 1e-09 9.995e-10
2436 2e-09 1.4128e-09
2444 1e-09 9.995e-10
2448 1e-09 9.995e-10
2456 1e-09 9.995e-10
2458 1e-09 9.995e-10
2460 1e-09 9.995e-10
2462 1e-09 9.995e-10
2468 1e-09 9.995e-10
2474 2e-09 1.4128e-09
2480 1e-09 9.995e-10
2484 1e-09 9.995e-10
2488 1e-09 9.995e-10
2494 1e-09 9.995e-10
2496 1e-09 9.995e-10
2498 1e-09 9.995e-10
2504 3e-09 1.72945e-09
2506 1e-09 9.995e-10
2512 1e-09 9.995e-10
2522 1e-09 9.995e-10
2524 2e-09 1.4128e-09
2536 2e-09 1.4128e-09
2540 1e-09 9.995e-10
2546 1e-09 9.995e-10
2554 2e-09 1.4128e-09
2562 1e-09 9.995e-10
2564 1e-09 9.995e-10
2566 2e-09 1.4128e-09
2572 1e-09 9.995e-10
2584 2e-09 1.4128e-09
2590 2e-09 1.4128e-09
2592 1e-09 9.995e-10
2594 1e-09 9.995e-10
2596 1e-09 9.995e-10
2606 3e-09 1.72945e-09
2608 1e-09 9.995e-10
2610 1e-09 9.995e-10
2612 2e-09 1.4128e-09
2614 2e-09 1.4128e-09
2616 1e-09 9.995e-10
2624 1e-09 9.995e-10
2628 3e-09 1.72945e-09
2634 2e-09 1.4128e-09
2646 1e-09 9.995e-10
2650 1e-09 9.995e-10
2658 1e-09 9.995e-10
2660 1e-09 9.995e-10
2664 1e-09 9.995e-10
2680 1e-09 9.995e-10
2684 2e-09 1.4128e-09
2686 1e-09 9.995e-10
2690 1e-09 9.995e-10
2692 2e-09 1.4128e-09
2704 1e-09 9.995e-10
2710 1e-09 9.995e-10
2714 1e-09 9.995e-10
2720 1e-09 9.995e-10
2722 1e-09 9.995e-10
2724 3e-09 1.72945e-09
2734 1e-09 9.995e-10
2736 1e-09 9.995e-10
2738 2e-09 1.4128e-09
2744 2e-09 1.4128e-09
2752 1e-09 9.995e-10
2766 1e-09 9.995e-10
2772 2e-09 1.4128e-09
2776 1e-09 9.995e-10
2780 1e-09 9.995e-10
2796 1e-09 9.995e-10
2800 1e-09 9.995e-10
2808 2e-09 1.4128e-09
2816 1e-09 9.995e-10
2822 1e-09 9.995e-10
2824 1e-09 9.995e-10
2834 1e-09 9.995e-10
2838 2e-09 1.4128e-09
2842 1e-09 9.995e-10
2854 1e-09 9.995e-10
2856 1e-09 9.995e-10
2862 1e-09 9.995e-10
2866 3e-09 1.72945e-09
2870 1e-09 9.995e-10
2876 2e-09 1.4128e-09
2880 2e-09 1.4128e-09
2886 2e-09 1.4128e-09
2894 1e-09 9.995e-10
2896 1e-09 9.995e-10
2900 2e-09 1.4128e-09
2908 1e-09 9.995e-10
2910 1e-09 9.995e-10
2912 1e-09 9.995e-10
2922 2e-09 1.4128e-09
2926 1e-09 9.995e-10
2932 1e-09 9.995e-10
2934 1e-09 9.995e-10
2938 1e-09 9.995e-10
2944 1e-09 9.995e-10
2946 1e-09 9.995e-10
2952 1e-09 9.995e-10
2956 1e-09 9.995e-10
2958 1e-09 9.995e-10
2962 1e-09 9.995e-10
2972 1e-09 9.995e-10
2974 3e-09 1.72945e-09
2998 1e-09 9.995e-10
3004 1e-09 9.995e-10
3008 1e-09 9.995e-10
3010 2e-09 1.4128e-09
3012 1e-09 9.995e-10
3014 1e-09 9.995e-10
3022 1e-09 9.995e-10
3026 1e-09 9.995e-10
3030 1e-09 9.995e-10
3038 2e-09 1.4128e-09
3072 1e-09 9.995e-10
3078 1e-09 9.995e-10
3084 1e-09 9.995e-10
3092 1e-09 9.995e-10
3096 1e-09 9.995e-10
3112 1e-09 9.995e-10
3114 2e-09 1.4128e-09
3122 1e-09 9.995e-10
3124 2e-09 1.4128e-09
3158 1e-09 9.995e-10
3162 1e-09 9.995e-10
3172 1e-09 9.995e-10
3180 1e-09 9.995e-10
3184 1e-09 9.995e-10
3186 1e-09 9.995e-10
3192 1e-09 9.995e-10
3198 1e-09 9.995e-10
3200 1e-09 9.995e-10
3202 1e-09 9.995e-10
3212 1e-09 9.995e-10
3234 1e-09 9.995e-10
3238 1e-09 9.995e-10
3242 1e-09 9.995e-10
3248 1e-09 9.995e-10
3256 3e-09 1.72945e-09
3272 2e-09 1.4128e-09
3274 1e-09 9.995e-10
3280 1e-09 9.995e-10
3290 1e-09 9.995e-10
3296 1e-09 9.995e-10
3300 1e-09 9.995e-10
3304 1e-09 9.995e-10
3312 1e-09 9.995e-10
3318 1e-09 9.995e-10
3320 1e-09 9.995e-10
3324 1e-09 9.995e-10
3326 1e-09 9.995e-10
3328 1e-09 9.995e-10
3354 1e-09 9.995e-10
3362 1e-09 9.995e-10
3370 1e-09 9.995e-10
3378 2e-09 1.4128e-09
3380 1e-09 9.995e-10
3386 1e-09 9.995e-10
3388 1e-09 9.995e-10
3412 2e-09 1.4128e-09
3414 1e-09 9.995e-10
3422 1e-09 9.995e-10
3426 1e-09 9.995e-10
3430 1e-09 9.995e-10
3446 2e-09 1.4128e-09
3448 1e-09 9.995e-10
3454 1e-09 9.995e-10
3456 1e-09 9.995e-10
3458 1e-09 9.995e-10
3466 2e-09 1.4128e-09
3478 2e-09 1.4128e-09
3484 1e-09 9.995e-10
3494 1e-09 9.995e-10
3496 1e-09 9.995e-10
3500 2e-09 1.4128e-09
3506 1e-09 9.995e-10
3508 1e-09 9.995e-10
3516 1e-09 9.995e-10
3526 1e-09 9.995e-10
3552 1e-09 9.995e-10
3554 1e-09 9.995e-10
3556 1e-09 9.995e-10
3558 1e-09 9.995e-10
3568 2e-09 1.4128e-09
3588 1e-09 9.995e-10
3592 1e-09 9.995e-10
3608 1e-09 9.995e-10
3612 1e-09 9.995e-10
3620 1e-09 9.995e-10
3622 1e-09 9.995e-10
3632 2e-09 1.4128e-09
3636 1e-09 9.995e-10
3652 1e-09 9.995e-10
3668 1e-09 9.995e-10
3670 1e-09 9.995e-10
3672 2e-09 1.4128e-09
3678 1e-09 9.995e-10
3682 2e-09 1.4128e-09
3694 1e-09 9.995e-10
3696 1e-09 9.995e-10
3710 1e-09 9.995e-10
3720 1e-09 9.995e-10
3728 1e-09 9.995e-10
3734 1e-09 9.995e-10
3750 1e-09 9.995e-10
3764 1e-09 9.995e-10
3782 2e-09 1.4128e-09
3802 1e-09 9.995e-10
3808 1e-09 9.995e-10
3812 1e-09 9.995e-10
3816 1e-09 9.995e-10
3824 1e-09 9.995e-10
3830 1e-09 9.995e-10
3832 1e-09 9.995e-10
3846 1e-09 9.995e-10
3854 1e-09 9.995e-10
3872 2e-09 1.4128e-09
3874 1e-09 9.995e-10
3878 1e-09 9.995e-10
3884 1e-09 9.995e-10
3886 1e-09 9.995e-10
3890 1e-09 9.995e-10
3892 1e-09 9.995e-10
3894 1e-09 9.995e-10
3900 1e-09 9.995e-10
3910 1e-09 9.995e-10
3932 1e-09 9.995e-10
3942 1e-09 9.995e-10
3948 1e-09 9.995e-10
3954 3e-09 1.72945e-09
3962 1e-09 9.995e-10
3974 1e-09 9.995e-10
3992 1e-09 9.995e-10
4002 1e-09 9.995e-10
4008 1e-09 9.995e-10
4010 1e-09 9.995e-10
4026 1e-09 9.995e-10
4040 1e-09 9.995e-10
4048 1e-09 9.995e-10
4050 1e-09 9.995e-10
4058 2e-09 1.4128e-09
4080 1e-09 9.995e-10
4086 1e-09 9.995e-10
4088 2e-09 1.4128e-09
4102 1e-09 9.995e-10
4122 1e-09 9.995e-10
4154 1e-09 9.995e-10
4168 1e-09 9.995e-10
4188 1e-09 9.995e-10
4206 1e-09 9.995e-10
4210 1e-09 9.995e-10
4212 1e-09 9.995e-10
4218 1e-09 9.995e-10
4228 1e-09 9.995e-10
4252 1e-09 9.995e-10
4260 2e-09 1.4128e-09
4286 1e-09 9.995e-10
4290 1e-09 9.995e-10
4314 1e-09 9.995e-10
4320 1e-09 9.995e-10
4330 1e-09 9.995e-10
4342 1e-09 9.995e-10
4348 1e-09 9.995e-10
4358 1e-09 9.995e-10
4372 1e-09 9.995e-10
4378 1e-09 9.995e-10
4386 1e-09 9.995e-10
4394 1e-09 9.995e-10
4412 1e-09 9.995e-10
4430 1e-09 9.995e-10
4432 1e-09 9.995e-10
4438 1e-09 9.995e-10
4442 1e-09 9.995e-10
4454 1e-09 9.995e-10
4480 1e-09 9.995e-10
4484 1e-09 9.995e-10
4488 1e-09 9.995e-10
4490 1e-09 9.995e-10
4496 1e-09 9.995e-10
4500 1e-09 9.995e-10
4506 1e-09 9.995e-10
4518 1e-09 9.995e-10
4530 1e-09 9.995e-10
4556 1e-09 9.995e-10
4562 1e-09 9.995e-10
4564 1e-09 9.995e-10
4592 1e-09 9.995e-10
4594 1e-09 9.995e-10
4610 1e-09 9.995e-10
4624 1e-09 9.995e-10
4634 1e-09 9.995e-10
4642 1e-09 9.995e-10
4644 1e-09 9.995e-10
4650 1e-09 9.995e-10
4654 1e-09 9.995e-10
4658 1e-09 9.995e-10
4662 2e-09 1.4128e-09
4682 1e-09 9.995e-10
4686 1e-09 9.995e-10
4708 1e-09 9.995e-10
4716 1e-09 9.995e-10
4728 1e-09 9.995e-10
4730 1e-09 9.995e-10
4738 1e-09 9.995e-10
4760 1e-09 9.995e-10
4772 2e-09 1.4128e-09
4776 1e-09 9.995e-10
4784 1e-09 9.995e-10
4806 1e-09 9.995e-10
4810 1e-09 9.995e-10
4814 1e-09 9.995e-10
4816 1e-09 9.995e-10
4818 1e-09 9.995e-10
4850 1e-09 9.995e-10
4870 1e-09 9.995e-10
4876 1e-09 9.995e-10
4884 1e-09 9.995e-10
4886 1e-09 9.995e-10
4894 1e-09 9.995e-10
4916 1e-09 9.995e-10
4922 1e-09 9.995e-10
4928 1e-09 9.995e-10
4938 1e-09 9.995e-10
4940 1e-09 9.995e-10
4950 1e-09 9.995e-10
4984 1e-09 9.995e-10
5010 1e-09 9.995e-10
5042 1e-09 9.995e-10
5052 1e-09 9.995e-10
5062 1e-09 9.995e-10
5066 1e-09 9.995e-10
5078 1e-09 9.995e-10
5084 1e-09 9.995e-10
5088 1e-09 9.995e-10
5092 1e-09 9.995e-10
5110 1e-09 9.995e-10
5120 1e-09 9.995e-10
5124 1e-09 9.995e-10
5140 1e-09 9.995e-10
5142 1e-09 9.995e-10
5148 1e-09 9.995e-10
5156 1e-09 9.995e-10
5160 1e-09 9.995e-10
5166 1e-09 9.995e-10
5174 1e-09 9.995e-10
5202 1e-09 9.995e-10
5222 1e-09 9.995e-10
5240 1e-09 9.995e-10
5244 2e-09 1.4128e-09
5254 1e-09 9.995e-10
5260 1e-09 9.995e-10
5280 1e-09 9.995e-10
5284 1e-09 9.995e-10
5320 1e-09 9.995e-10
5322 1e-09 9.995e-10
5334 1e-09 9.995e-10
5354 1e-09 9.995e-10
5362 2e-09 1.4128e-09
5366 1e-09 9.995e-10
5368 1e-09 9.995e-10
5374 1e-09 9.995e-10
5376 1e-09 9.995e-10
5394 1e-09 9.995e-10
5400 1e-09 9.995e-10
5404 1e-09 9.995e-10
5432 1e-09 9.995e-10
5440 2e-09 1.4128e-09
5448 1e-09 9.995e-10
5456 1e-09 9.995e-10
5460 3e-09 1.72945e-09
5466 1e-09 9.995e-10
5470 1e-09 9.995e-10
5472 1e-09 9.995e-10
5508 1e-09 9.995e-10
5510 1e-09 9.995e-10
5524 1e-09 9.995e-10
5526 1e-09 9.995e-10
5540 1e-09 9.995e-10
5548 1e-09 9.995e-10
5554 1e-09 9.995e-10
5560 1e-09 9.995e-10
5588 1e-09 9.995e-10
5600 1e-09 9.995e-10
5604 1e-09 9.995e-10
5630 1e-09 9.995e-10
5634 1e-09 9.995e-10
5636 1e-09 9.995e-10
5662 1e-09 9.995e-10
5678 1e-09 9.995e-10
5690 2e-09 1.4128e-09
5702 1e-09 9.995e-10
5712 2e-09 1.4128e-09
5736 1e-09 9.995e-10
5742 1e-09 9.995e-10
5788 1e-09 9.995e-10
5790 1e-09 9.995e-10
5794 1e-09 9.995e-10
5822 1e-09 9.995e-10
5878 1e-09 9.995e-10
5890 1e-09 9.995e-10
5904 1e-09 9.995e-10
5906 1e-09 9.995e-10
5908 1e-09 9.995e-10
5920 1e-09 9.995e-10
5926 1e-09 9.995e-10
5938 1e-09 9.995e-10
5942 1e-09 9.995e-10
5944 1e-09 9.995e-10
5958 2e-09 1.4128e-09
5962 1e-09 9.995e-10
5964 1e-09 9.995e-10
5992 1e-09 9.995e-10
6002 1e-09 9.995e-10
6008 1e-09 9.995e-10
6012 1e-09 9.995e-10
6030 2e-09 1.4128e-09
6036 1e-09 9.995e-10
6038 1e-09 9.995e-10
6058 1e-09 9.995e-10
6224 1e-09 9.995e-10
6236 1e-09 9.995e-10
6260 1e-09 9.995e-10
6282 1e-09 9.995e-10
6294 2e-09 1.4128e-09
6322 1e-09 9.995e-10
6330 1e-09 9.995e-10
6338 2e-09 1.4128e-09
6342 1e-09 9.995e-10
6344 1e-09 9.995e-10
6348 1e-09 9.995e-10
6350 1e-09 9.995e-10
6374 1e-09 9.995e-10
6378 1e-09 9.995e-10
6382 1e-09 9.995e-10
6408 1e-09 9.995e-10
6412 1e-09 9.995e-10
6442 1e-09 9.995e-10
6448 1e-09 9.995e-10
6466 2e-09 1.4128e-09
6468 1e-09 9.995e-10
6470 1e-09 9.995e-10
6502 1e-09 9.995e-10
6536 1e-09 9.995e-10
6558 1e-09 9.995e-10
6592 1e-09 9.995e-10
6606 1e-09 9.995e-10
6636 1e-09 9.995e-10
6650 1e-09 9.995e-10
6660 1e-09 9.995e-10
6704 1e-09 9.995e-10
6712 1e-09 9.995e-10
6714 1e-09 9.995e-10
6724 1e-09 9.995e-10
6736 1e-09 9.995e-10
6746 1e-09 9.995e-10
6750 1e-09 9.995e-10
6766 1e-09 9.995e-10
6772 1e-09 9.995e-10
6776 1e-09 9.995e-10
6822 1e-09 9.995e-10
6832 1e-09 9.995e-10
6844 1e-09 9.995e-10
6854 1e-09 9.995e-10
6858 1e-09 9.995e-10
6876 1e-09 9.995e-10
6884 2e-09 1.4128e-09
6924 1e-09 9.995e-10
6934 1e-09 9.995e-10
6936 2e-09 1.4128e-09
6960 1e-09 9.995e-10
6984 1e-09 9.995e-10
6994 1e-09 9.995e-10
7004 1e-09 9.995e-10
7006 1e-09 9.995e-10
7012 1e-09 9.995e-10
7020 1e-09 9.995e-10
7028 1e-09 9.995e-10
7058 1e-09 9.995e-10
7064 1e-09 9.995e-10
7070 1e-09 9.995e-10
7072 1e-09 9.995e-10
7082 1e-09 9.995e-10
7096 1e-09 9.995e-10
7136 1e-09 9.995e-10
7142 1e-09 9.995e-10
7144 1e-09 9.995e-10
7160 1e-09 9.995e-10
7170 1e-09 9.995e-10
7174 1e-09 9.995e-10
7198 1e-09 9.995e-10
7214 2e-09 1.4128e-09
7218 1e-09 9.995e-10
7220 1e-09 9.995e-10
7228 1e-09 9.995e-10
7244 1e-09 9.995e-10
7260 1e-09 9.995e-10
7278 1e-09 9.995e-10
7284 1e-09 9.995e-10
7286 1e-09 9.995e-10
7288 1e-09 9.995e-10
7296 1e-09 9.995e-10
7304 1e-09 9.995e-10
7324 1e-09 9.995e-10
7338 1e-09 9.995e-10
7352 1e-09 9.995e-10
7354 1e-09 9.995e-10
7362 1e-09 9.995e-10
7378 1e-09 9.995e-10
7402 1e-09 9.995e-10
7410 1e-09 9.995e-10
7420 1e-09 9.995e-10
7430 1e-09 9.995e-10
7434 1e-09 9.995e-10
7504 1e-09 9.995e-10
7508 1e-09 9.995e-10
7538 1e-09 9.995e-10
7540 1e-09 9.995e-10
7566 1e-09 9.995e-10
7582 1e-09 9.995e-10
7584 1e-09 9.995e-10
7590 1e-09 9.995e-10
7610 1e-09 9.995e-10
7636 1e-09 9.995e-10
7644 1e-09 9.995e-10
7660 1e-09 9.995e-10
7680 1e-09 9.995e-10
7694 1e-09 9.995e-10
7702 1e-09 9.995e-10
7730 1e-09 9.995e-10
7760 1e-09 9.995e-10
7772 1e-09 9.995e-10
7780 1e-09 9.995e-10
7812 1e-09 9.995e-10
7824 1e-09 9.995e-10
7834 1e-09 9.995e-10
7844 1e-09 9.995e-10
7860 1e-09 9.995e-10
7862 1e-09 9.995e-10
7914 1e-09 9.995e-10
7930 1e-09 9.995e-10
7954 1e-09 9.995e-10
7970 1e-09 9.995e-10
7982 1e-09 9.995e-10
7994 1e-09 9.995e-10
8042 1e-09 9.995e-10
8044 1e-09 9.995e-10
8068 1e-09 9.995e-10
8078 1e-09 9.995e-10
8096 1e-09 9.995e-10
8104 1e-09 9.995e-10
8130 1e-09 9.995e-10
8134 1e-09 9.995e-10
8160 1e-09 9.995e-10
8162 1e-09 9.995e-10
8164 1e-09 9.995e-10
8166 1e-09 9.995e-10
8202 1e-09 9.995e-10
8260 1e-09 9.995e-10
8286 1e-09 9.995e-10
8288 1e-09 9.995e-10
8322 1e-09 9.995e-10
8330 1e-09 9.995e-10
8360 1e-09 9.995e-10
8362 1e-09 9.995e-10
8378 1e-09 9.995e-10
8382 1e-09 9.995e-10
8406 1e-09 9.995e-10
8418 1e-09 9.995e-10
8488 1e-09 9.995e-10
8518 1e-09 9.995e-10
8580 1e-09 9.995e-10
8588 1e-09 9.995e-10
8622 1e-09 9.995e-10
8662 2e-09 1.4128e-09
8710 1e-09 9.995e-10
8734 1e-09 9.995e-10
8746 1e-09 9.995e-10
8760 1e-09 9.995e-10
8820 1e-09 9.995e-10
8822 1e-09 9.995e-10
8824 1e-09 9.995e-10
8842 1e-09 9.995e-10
8898 1e-09 9.995e-10
8932 1e-09 9.995e-10
8970 1e-09 9.995e-10
8988 1e-09 9.995e-10
9006 1e-09 9.995e-10
9032 1e-09 9.995e-10
9082 1e-09 9.995e-10
9102 1e-09 9.995e-10
9108 1e-09 9.995e-10
9126 1e-09 9.995e-10
9132 1e-09 9.995e-10
9160 1e-09 9.995e-10
9164 1e-09 9.995e-10
9244 1e-09 9.995e-10
9262 1e-09 9.995e-10
9270 1e-09 9.995e-10
9292 1e-09 9.995e-10
9306 1e-09 9.995e-10
9316 1e-09 9.995e-10
9354 1e-09 9.995e-10
9390 1e-09 9.995e-10
9400 1e-09 9.995e-10
9414 1e-09 9.995e-10
9430 1e-09 9.995e-10
9460 1e-09 9.995e-10
9548 1e-09 9.995e-10
9630 1e-09 9.995e-10
9650 1e-09 9.995e-10
9656 1e-09 9.995e-10
9660 1e-09 9.995e-10
9688 1e-09 9.995e-10
9726 1e-09 9.995e-10
9776 1e-09 9.995e-10
9784 1e-09 9.995e-10
9794 1e-09 9.995e-10
9802 1e-09 9.995e-10
9836 1e-09 9.995e-10
9838 1e-09 9.995e-10
9846 1e-09 9.995e-10
9852 1e-09 9.995e-10
9856 1e-09 9.995e-10
9862 1e-09 9.995e-10
9906 1e-09 9.995e-10
9926 1e-09 9.995e-10
9932 1e-09 9.995e-10
9934 1e-09 9.995e-10
9950 1e-09 9.995e-10
9956 1e-09 9.995e-10
9984 1e-09 9.995e-10
10018 2e-09 1.4128e-09
10068 1e-09 9.995e-10
10114 1e-09 9.995e-10
10164 2e-09 1.4128e-09
10168 1e-09 9.995e-10
10248 1e-09 9.995e-10
10254 1e-09 9.995e-10
10262 1e-09 9.995e-10
10304 1e-09 9.995e-10
10336 1e-09 9.995e-10
10358 1e-09 9.995e-10
10362 1e-09 9.995e-10
10372 2e-09 1.4128e-09
10398 1e-09 9.995e-10
10462 1e-09 9.995e-10
10528 1e-09 9.995e-10
10536 1e-09 9.995e-10
10570 1e-09 9.995e-10
10572 1e-09 9.995e-10
10588 1e-09 9.995e-10
10590 1e-09 9.995e-10
10594 1e-09 9.995e-10
10642 1e-09 9.995e-10
10654 1e-09 9.995e-10
10656 1e-09 9.995e-10
10662 1e-09 9.995e-10
10680 1e-09 9.995e-10
10684 1e-09 9.995e-10
10706 1e-09 9.995e-10
10732 2e-09 1.4128e-09
10740 1e-09 9.995e-10
10780 1e-09 9.995e-10
10804 1e-09 9.995e-10
10808 1e-09 9.995e-10
10812 1e-09 9.995e-10
10836 1e-09 9.995e-10
10850 1e-09 9.995e-10
10906 1e-09 9.995e-10
10946 1e-09 9.995e-10
10964 1e-09 9.995e-10
10984 1e-09 9.995e-10
10998 1e-09 9.995e-10
11020 1e-09 9.995e-10
11038 1e-09 9.995e-10
11042 1e-09 9.995e-10
11056 1e-09 9.995e-10
11066 1e-09 9.995e-10
11078 1e-09 9.995e-10
11084 1e-09 9.995e-10
11092 1e-09 9.995e-10
11152 1e-09 9.995e-10
11178 1e-09 9.995e-10
11218 1e-09 9.995e-10
11230 1e-09 9.995e-10
11246 1e-09 9.995e-10
11248 1e-09 9.995e-10
11276 1e-09 9.995e-10
11278 1e-09 9.995e-10
11360 3e-09 1.72945e-09
11374 1e-09 9.995e-10
11510 1e-09 9.995e-10
11520 1e-09 9.995e-10
11526 1e-09 9.995e-10
11538 1e-09 9.995e-10
11610 1e-09 9.995e-10
11624 1e-09 9.995e-10
11656 1e-09 9.995e-10
11658 1e-09 9.995e-10
11666 1e-09 9.995e-10
11744 1e-09 9.995e-10
11798 1e-09 9.995e-10
11858 1e-09 9.995e-10
11878 1e-09 9.995e-10
11904 2e-09 1.4128e-09
11936 1e-09 9.995e-10
11938 1e-09 9.995e-10
11946 1e-09 9.995e-10
12000 1e-09 9.995e-10
12006 1e-09 9.995e-10
12026 1e-09 9.995e-10
12036 1e-09 9.995e-10
12046 1e-09 9.995e-10
12062 1e-09 9.995e-10
12082 1e-09 9.995e-10
12126 1e-09 9.995e-10
12136 1e-09 9.995e-10
12148 1e-09 9.995e-10
12156 1e-09 9.995e-10
12196 2e-09 1.4128e-09
12270 1e-09 9.995e-10
12288 1e-09 9.995e-10
12302 1e-09 9.995e-10
12304 1e-09 9.995e-10
12330 1e-09 9.995e-10
12336 1e-09 9.995e-10
12354 1e-09 9.995e-10
12398 1e-09 9.995e-10
12460 1e-09 9.995e-10
12466 1e-09 9.995e-10
12552 1e-09 9.995e-10
12564 1e-09 9.995e-10
12622 1e-09 9.995e-10
12662 1e-09 9.995e-10
12684 1e-09 9.995e-10
12696 1e-09 9.995e-10
12712 1e-09 9.995e-10
12734 2e-09 1.4128e-09
12830 1e-09 9.995e-10
12842 1e-09 9.995e-10
12856 1e-09 9.995e-10
12860 1e-09 9.995e-10
12864 1e-09 9.995e-10
12910 1e-09 9.995e-10
12926 1e-09 9.995e-10
12966 1e-09 9.995e-10
12970 1e-09 9.995e-10
12976 1e-09 9.995e-10
13040 1e-09 9.995e-10
13078 1e-09 9.995e-10
13090 1e-09 9.995e-10
13104 1e-09 9.995e-10
13158 1e-09 9.995e-10
13162 1e-09 9.995e-10
13170 1e-09 9.995e-10
13172 1e-09 9.995e-10
13198 1e-09 9.995e-10
13202 1e-09 9.995e-10
13274 1e-09 9.995e-10
13284 1e-09 9.995e-10
13368 1e-09 9.995e-10
13386 1e-09 9.995e-10
13388 1e-09 9.995e-10
13412 1e-09 9.995e-10
13416 1e-09 9.995e-10
13472 1e-09 9.995e-10
13476 1e-09 9.995e-10
13480 1e-09 9.995e-10
13488 1e-09 9.995e-10
13574 1e-09 9.995e-10
13578 1e-09 9.995e-10
13596 1e-09 9.995e-10
13636 1e-09 9.995e-10
13700 1e-09 9.995e-10
13718 1e-09 9.995e-10
13724 1e-09 9.995e-10
13782 1e-09 9.995e-10
13842 1e-09 9.995e-10
13852 1e-09 9.995e-10
13870 1e-09 9.995e-10
13874 1e-09 9.995e-10
13880 1e-09 9.995e-10
13910 1e-09 9.995e-10
13958 1e-09 9.995e-10
14024 1e-09 9.995e-10
14042 1e-09 9.995e-10
14100 1e-09 9.995e-10
14108 2e-09 1.4128e-09
14118 2e-09 1.4128e-09
14120 1e-09 9.995e-10
14126 1e-09 9.995e-10
14132 1e-09 9.995e-10
14160 1e-09 9.995e-10
14198 1e-09 9.995e-10
14216 1e-09 9.995e-10
14368 1e-09 9.995e-10
14384 1e-09 9.995e-10
14392 1e-09 9.995e-10
14436 1e-09 9.995e-10
14474 1e-09 9.995e-10
14506 1e-09 9.995e-10
14514 1e-09 9.995e-10
14554 1e-09 9.995e-10
14642 1e-09 9.995e-10
14670 1e-09 9.995e-10
14748 1e-09 9.995e-10
14828 2e-09 1.4128e-09
14830 1e-09 9.995e-10
14890 1e-09 9.995e-10
14900 1e-09 9.995e-10
14910 1e-09 9.995e-10
14918 1e-09 9.995e-10
14958 1e-09 9.995e-10
15060 1e-09 9.995e-10
15070 1e-09 9.995e-10
15114 1e-09 9.995e-10
15132 1e-09 9.995e-10
15196 1e-09 9.995e-10
15242 1e-09 9.995e-10
15324 1e-09 9.995e-10
15328 1e-09 9.995e-10
15346 1e-09 9.995e-10
15366 1e-09 9.995e-10
15392 1e-09 9.995e-10
15442 1e-09 9.995e-10
15508 1e-09 9.995e-10
15536 1e-09 9.995e-10
15540 1e-09 9.995e-10
15580 1e-09 9.995e-10
15632 1e-09 9.995e-10
15660 1e-09 9.995e-10
15682 1e-09 9.995e-10
15758 1e-09 9.995e-10
15762 1e-09 9.995e-10
15768 1e-09 9.995e-10
15784 1e-09 9.995e-10
15822 1e-09 9.995e-10
15856 1e-09 9.995e-10
15862 1e-09 9.995e-10
15870 1e-09 9.995e-10
15878 1e-09 9.995e-10
15904 1e-09 9.995e-10
15940 1e-09 9.995e-10
15984 1e-09 9.995e-10
16004 1e-09 9.995e-10
16016 1e-09 9.995e-10
16218 1e-09 9.995e-10
16224 1e-09 9.995e-10
16228 1e-09 9.995e-10
16234 2e-09 1.4128e-09
16242 1e-09 9.995e-10
16318 1e-09 9.995e-10
16350 1e-09 9.995e-10
16452 1e-09 9.995e-10
16456 1e-09 9.995e-10
16526 1e-09 9.995e-10
16590 1e-09 9.995e-10
16674 1e-09 9.995e-10
16834 1e-09 9.995e-10
16838 1e-09 9.995e-10
16874 1e-09 9.995e-10
16890 1e-09 9.995e-10
16894 1e-09 9.995e-10
16914 1e-09 9.995e-10
17002 1e-09 9.995e-10
17094 1e-09 9.995e-10
17226 1e-09 9.995e-10
17242 1e-09 9.995e-10
17312 1e-09 9.995e-10
17322 1e-09 9.995e-10
17342 1e-09 9.995e-10
17430 1e-09 9.995e-10
17440 1e-09 9.995e-10
17508 1e-09 9.995e-10
17510 1e-09 9.995e-10
17554 1e-09 9.995e-10
17578 1e-09 9.995e-10
17624 1e-09 9.995e-10
17648 1e-09 9.995e-10
17654 1e-09 9.995e-10
17726 1e-09 9.995e-10
17734 1e-09 9.995e-10
17912 1e-09 9.995e-10
17932 1e-09 9.995e-10
18108 1e-09 9.995e-10
18138 1e-09 9.995e-10
18196 1e-09 9.995e-10
18200 1e-09 9.995e-10
18272 1e-09 9.995e-10
18290 1e-09 9.995e-10
18360 1e-09 9.995e-10
18398 2e-09 1.4128e-09
18476 1e-09 9.995e-10
18540 1e-09 9.995e-10
18624 1e-09 9.995e-10
18640 1e-09 9.995e-10
18694 1e-09 9.995e-10
18704 1e-09 9.995e-10
18776 1e-09 9.995e-10
18780 1e-09 9.995e-10
18836 1e-09 9.995e-10
18844 1e-09 9.995e-10
18886 1e-09 9.995e-10
18934 1e-09 9.995e-10
18940 1e-09 9.995e-10
18972 1e-09 9.995e-10
19032 1e-09 9.995e-10
19050 1e-09 9.995e-10
19066 1e-09 9.995e-10
19236 1e-09 9.995e-10
19262 1e-09 9.995e-10
19390 1e-09 9.995e-10
19412 1e-09 9.995e-10
19638 1e-09 9.995e-10
19682 1e-09 9.995e-10
19792 1e-09 9.995e-10
19862 1e-09 9.995e-10
19876 1e-09 9.995e-10
19884 1e-09 9.995e-10
19986 1e-09 9.995e-10
20032 1e-09 9.995e-10
20038 1e-09 9.995e-10
20150 1e-09 9.995e-10
20154 1e-09 9.995e-10
20160 1e-09 9.995e-10
20188 1e-09 9.995e-10
20294 1e-09 9.995e-10
20406 1e-09 9.995e-10
20500 1e-09 9.995e-10
20598 1e-09 9.995e-10
20608 1e-09 9.995e-10
20624 1e-09 9.995e-10
20636 1e-09 9.995e-10
20642 1e-09 9.995e-10
20726 1e-09 9.995e-10
20756 1e-09 9.995e-10
20816 1e-09 9.995e-10
20848 1e-09 9.995e-10
20854 1e-09 9.995e-10
20950 1e-09 9.995e-10
21012 1e-09 9.995e-10
21020 1e-09 9.995e-10
21024 1e-09 9.995e-10
21082 1e-09 9.995e-10
21206 1e-09 9.995e-10
21450 1e-09 9.995e-10
21498 1e-09 9.995e-10
21572 1e-09 9.995e-10
21652 1e-09 9.995e-10
21678 1e-09 9.995e-10
21684 1e-09 9.995e-10
21748 1e-09 9.995e-10
21800 1e-09 9.995e-10
21816 1e-09 9.995e-10
21890 1e-09 9.995e-10
21934 2e-09 1.4128e-09
22118 1e-09 9.995e-10
22162 1e-09 9.995e-10
22252 1e-09 9.995e-10
22266 1e-09 9.995e-10
22398 1e-09 9.995e-10
22532 1e-09 9.995e-10
22562 1e-09 9.995e-10
22618 1e-09 9.995e-10
22648 1e-09 9.995e-10
22656 1e-09 9.995e-10
22662 1e-09 9.995e-10
22664 1e-09 9.995e-10
22736 1e-09 9.995e-10
22792 1e-09 9.995e-10
22914 1e-09 9.995e-10
22986 1e-09 9.995e-10
23046 2e-09 1.4128e-09
23050 1e-09 9.995e-10
23084 1e-09 9.995e-10
23138 1e-09 9.995e-10
23186 1e-09 9.995e-10
23252 1e-09 9.995e-10
23296 1e-09 9.995e-10
23310 1e-09 9.995e-10
23342 1e-09 9.995e-10
23430 1e-09 9.995e-10
23508 1e-09 9.995e-10
23576 1e-09 9.995e-10
23608 1e-09 9.995e-10
23660 1e-09 9.995e-10
23776 1e-09 9.995e-10
23840 1e-09 9.995e-10
23896 1e-09 9.995e-10
24050 1e-09 9.995e-10
24110 1e-09 9.995e-10
24112 1e-09 9.995e-10
24234 1e-09 9.995e-10
24440 1e-09 9.995e-10
24444 1e-09 9.995e-10
24454 1e-09 9.995e-10
24492 1e-09 9.995e-10
24588 1e-09 9.995e-10
24654 1e-09 9.995e-10
24686 1e-09 9.995e-10
24828 1e-09 9.995e-10
24880 1e-09 9.995e-10
24970 1e-09 9.995e-10
25026 1e-09 9.995e-10
25144 1e-09 9.995e-10
25146 1e-09 9.995e-10
25226 1e-09 9.995e-10
25330 1e-09 9.995e-10
25348 1e-09 9.995e-10
25368 1e-09 9.995e-10
25736 1e-09 9.995e-10
25748 1e-09 9.995e-10
25930 1e-09 9.995e-10
25956 1e-09 9.995e-10
26122 1e-09 9.995e-10
26162 1e-09 9.995e-10
26208 1e-09 9.995e-10
26282 1e-09 9.995e-10
26334 1e-09 9.995e-10
26390 1e-09 9.995e-10
26466 1e-09 9.995e-10
26678 1e-09 9.995e-10
26684 1e-09 9.995e-10
26702 1e-09 9.995e-10
26738 1e-09 9.995e-10
26758 1e-09 9.995e-10
26792 1e-09 9.995e-10
26864 1e-09 9.995e-10
26976 1e-09 9.995e-10
27194 1e-09 9.995e-10
27216 1e-09 9.995e-10
27240 1e-09 9.995e-10
27316 1e-09 9.995e-10
27330 1e-09 9.995e-10
27496 1e-09 9.995e-10
27624 1e-09 9.995e-10
27630 1e-09 9.995e-10
27674 1e-09 9.995e-10
27780 1e-09 9.995e-10
27826 1e-09 9.995e-10
27926 1e-09 9.995e-10
27954 1e-09 9.995e-10
27986 1e-09 9.995e-10
28006 1e-09 9.995e-10
28230 1e-09 9.995e-10
28346 1e-09 9.995e-10
28462 1e-09 9.995e-10
28536 1e-09 9.995e-10
28564 1e-09 9.995e-10
28676 1e-09 9.995e-10
28716 1e-09 9.995e-10
28826 1e-09 9.995e-10
28948 1e-09 9.995e-10
29006 1e-09 9.995e-10
29010 1e-09 9.995e-10
29066 1e-09 9.995e-10
29204 1e-09 9.995e-10
29216 1e-09 9.995e-10
29362 1e-09 9.995e-10
29464 1e-09 9.995e-10
29524 1e-09 9.995e-10
29684 1e-09 9.995e-10
29764 1e-09 9.995e-10
29766 1e-09 9.995e-10
29872 1e-09 9.995e-10
29912 1e-09 9.995e-10
29914 1e-09 9.995e-10
30274 1e-09 9.995e-10
30456 1e-09 9.995e-10
30636 1e-09 9.995e-10
30708 1e-09 9.995e-10
30802 1e-09 9.995e-10
30876 1e-09 9.995e-10
30884 1e-09 9.995e-10
31000 1e-09 9.995e-10
31220 1e-09 9.995e-10
31238 1e-09 9.995e-10
31356 1e-09 9.995e-10
31452 1e-09 9.995e-10
31528 1e-09 9.995e-10
31822 1e-09 9.995e-10
31928 1e-09 9.995e-10
31952 1e-09 9.995e-10
32032 1e-09 9.995e-10
32064 1e-09 9.995e-10
32144 1e-09 9.995e-10
32158 1e-09 9.995e-10
32270 1e-09 9.995e-10
32354 1e-09 9.995e-10
32364 1e-09 9.995e-10
32382 1e-09 9.995e-10
32424 1e-09 9.995e-10
32440 1e-09 9.995e-10
32500 1e-09 9.995e-10
32558 1e-09 9.995e-10
32634 1e-09 9.995e-10
32708 1e-09 9.995e-10
33010 1e-09 9.995e-10
33074 1e-09 9.995e-10
33142 1e-09 9.995e-10
33164 1e-09 9.995e-10
33226 1e-09 9.995e-10
33328 1e-09 9.995e-10
33542 1e-09 9.995e-10
33602 1e-09 9.995e-10
33674 1e-09 9.995e-10
33714 1e-09 9.995e-10
33836 1e-09 9.995e-10
33864 1e-09 9.995e-10
33924 1e-09 9.995e-10
34050 1e-09 9.995e-10
34058 1e-09 9.995e-10
34192 1e-09 9.995e-10
34194 1e-09 9.995e-10
34326 2e-09 1.4128e-09
34394 1e-09 9.995e-10
34780 1e-09 9.995e-10
34984 1e-09 9.995e-10
34996 1e-09 9.995e-10
35032 1e-09 9.995e-10
35134 1e-09 9.995e-10
35270 1e-09 9.995e-10
35394 1e-09 9.995e-10
35840 1e-09 9.995e-10
35906 1e-09 9.995e-10
35914 1e-09 9.995e-10
35972 1e-09 9.995e-10
36352 1e-09 9.995e-10
36436 1e-09 9.995e-10
36548 1e-09 9.995e-10
36890 1e-09 9.995e-10
36968 1e-09 9.995e-10
37054 1e-09 9.995e-10
37080 1e-09 9.995e-10
37184 1e-09 9.995e-10
37204 1e-09 9.995e-10
37292 1e-09 9.995e-10
37580 1e-09 9.995e-10
37586 1e-09 9.995e-10
37810 1e-09 9.995e-10
37812 1e-09 9.995e-10
37980 1e-09 9.995e-10
37992 1e-09 9.995e-10
38028 1e-09 9.995e-10
38066 1e-09 9.995e-10
38132 1e-09 9.995e-10
38436 1e-09 9.995e-10
38562 1e-09 9.995e-10
38646 1e-09 9.995e-10
38744 1e-09 9.995e-10
38850 1e-09 9.995e-10
38922 1e-09 9.995e-10
38930 1e-09 9.995e-10
39040 1e-09 9.995e-10
39236 1e-09 9.995e-10
39264 1e-09 9.995e-10
39472 1e-09 9.995e-10
39476 1e-09 9.995e-10
39548 1e-09 9.995e-10
39674 1e-09 9.995e-10
39866 1e-09 9.995e-10
39940 1e-09 9.995e-10
40180 1e-09 9.995e-10
40216 1e-09 9.995e-10
40414 1e-09 9.995e-10
40504 1e-09 9.995e-10
40552 1e-09 9.995e-10
40582 1e-09 9.995e-10
40648 1e-09 9.995e-10
40886 1e-09 9.995e-10
40918 1e-09 9.995e-10
40970 1e-09 9.995e-10
41032 1e-09 9.995e-10
41066 1e-09 9.995e-10
41230 1e-09 9.995e-10
41246 1e-09 9.995e-10
41388 1e-09 9.995e-10
41414 1e-09 9.995e-10
41434 1e-09 9.995e-10
41442 1e-09 9.995e-10
41502 1e-09 9.995e-10
41512 1e-09 9.995e-10
41962 1e-09 9.995e-10
41996 1e-09 9.995e-10
42044 1e-09 9.995e-10
42142 1e-09 9.995e-10
42510 1e-09 9.995e-10
42514 1e-09 9.995e-10
42700 1e-09 9.995e-10
42750 1e-09 9.995e-10
42796 1e-09 9.995e-10
42800 1e-09 9.995e-10
42806 1e-09 9.995e-10
42942 1e-09 9.995e-10
42954 1e-09 9.995e-10
43056 1e-09 9.995e-10
43112 1e-09 9.995e-10
43114 1e-09 9.995e-10
43292 1e-09 9.995e-10
43748 1e-09 9.995e-10
43878 1e-09 9.995e-10
44044 1e-09 9.995e-10
44134 1e-09 9.995e-10
44502 1e-09 9.995e-10
44630 1e-09 9.995e-10
44824 1e-09 9.995e-10
44826 1e-09 9.995e-10
44998 1e-09 9.995e-10
45018 1e-09 9.995e-10
45134 1e-09 9.995e-10
45176 1e-09 9.995e-10
45254 1e-09 9.995e-10
45282 1e-09 9.995e-10
45284 1e-09 9.995e-10
45530 1e-09 9.995e-10
45652 1e-09 9.995e-10
45824 1e-09 9.995e-10
45906 1e-09 9.995e-10
45930 1e-09 9.995e-10
46436 1e-09 9.995e-10
46650 1e-09 9.995e-10
47034 1e-09 9.995e-10
47136 1e-09 9.995e-10
47394 1e-09 9.995e-10
47634 1e-09 9.995e-10
47914 1e-09 9.995e-10
47948 1e-09 9.995e-10
47970 1e-09 9.995e-10
47992 1e-09 9.995e-10
48740 1e-09 9.995e-10
48766 1e-09 9.995e-10
48774 1e-09 9.995e-10
48802 1e-09 9.995e-10
49146 1e-09 9.995e-10
49156 1e-09 9.995e-10
49460 1e-09 9.995e-10
49630 1e-09 9.995e-10
49782 1e-09 9.995e-10
49802 1e-09 9.995e-10
49886 1e-09 9.995e-10
49902 1e-09 9.995e-10
50076 1e-09 9.995e-10
50124 1e-09 9.995e-10
50410 1e-09 9.995e-10
51090 1e-09 9.995e-10
51102 1e-09 9.995e-10
51194 1e-09 9.995e-10
51210 1e-09 9.995e-10
51230 1e-09 9.995e-10
51384 1e-09 9.995e-10
51412 1e-09 9.995e-10
52000 1e-09 9.995e-10
52160 1e-09 9.995e-10
52650 1e-09 9.995e-10
52946 1e-09 9.995e-10
52976 1e-09 9.995e-10
53088 1e-09 9.995e-10
53122 1e-09 9.995e-10
53288 1e-09 9.995e-10
53320 1e-09 9.995e-10
53374 1e-09 9.995e-10
53392 1e-09 9.995e-10
53726 1e-09 9.995e-10
53864 1e-09 9.995e-10
53976 1e-09 9.995e-10
54002 1e-09 9.995e-10
54312 1e-09 9.995e-10
54650 1e-09 9.995e-10
54656 1e-09 9.995e-10
54774 1e-09 9.995e-10
54802 1e-09 9.995e-10
55032 1e-09 9.995e-10
56110 1e-09 9.995e-10
56146 1e-09 9.995e-10
56190 1e-09 9.995e-10
56370 1e-09 9.995e-10
56628 1e-09 9.995e-10
56788 1e-09 9.995e-10
57050 1e-09 9.995e-10
57080 1e-09 9.995e-10
58384 1e-09 9.995e-10
58772 1e-09 9.995e-10
58932 1e-09 9.995e-10
58964 1e-09 9.995e-10
59036 1e-09 9.995e-10
59116 1e-09 9.995e-10
59118 1e-09 9.995e-10
59672 1e-09 9.995e-10
59884 1e-09 9.995e-10
60120 1e-09 9.995e-10
60164 1e-09 9.995e-10
60834 1e-09 9.995e-10
61290 1e-09 9.995e-10
62356 1e-09 9.995e-10
63336 1e-09 9.995e-10
63350 1e-09 9.995e-10
63740 1e-09 9.995e-10
63934 1e-09 9.995e-10
64090 1e-09 9.995e-10
64160 1e-09 9.995e-10
64522 1e-09 9.995e-10
65056 1e-09 9.995e-10
65180 1e-09 9.995e-10
65332 1e-09 9.995e-10
65594 1e-09 9.995e-10
65750 1e-09 9.995e-10
65786 1e-09 9.995e-10
65828 1e-09 9.995e-10
65830 1e-09 9.995e-10
65938 1e-09 9.995e-10
66114 1e-09 9.995e-10
66218 1e-09 9.995e-10
66224 1e-09 9.995e-10
66262 1e-09 9.995e-10
66346 1e-09 9.995e-10
66698 1e-09 9.995e-10
66774 1e-09 9.995e-10
66912 1e-09 9.995e-10
66914 1e-09 9.995e-10
66966 1e-09 9.995e-10
68480 1e-09 9.995e-10
68944 1e-09 9.995e-10
69394 1e-09 9.995e-10
69520 1e-09 9.995e-10
69534 1e-09 9.995e-10
69550 1e-09 9.995e-10
69962 1e-09 9.995e-10
70002 1e-09 9.995e-10
70666 1e-09 9.995e-10
70852 1e-09 9.995e-10
71236 1e-09 9.995e-10
71320 1e-09 9.995e-10
71358 1e-09 9.995e-10
71618 1e-09 9.995e-10
72548 1e-09 9.995e-10
72870 1e-09 9.995e-10
72980 1e-09 9.995e-10
73126 1e-09 9.995e-10
73440 1e-09 9.995e-10
73600 1e-09 9.995e-10
73680 1e-09 9.995e-10
73984 1e-09 9.995e-10
74276 1e-09 9.995e-10
74416 1e-09 9.995e-10
74458 2e-09 1.4128e-09
74510 1e-09 9.995e-10
74854 1e-09 9.995e-10
74894 1e-09 9.995e-10
75032 1e-09 9.995e-10
75220 1e-09 9.995e-10
75234 1e-09 9.995e-10
75248 1e-09 9.995e-10
75504 1e-09 9.995e-10
75588 1e-09 9.995e-10
76254 1e-09 9.995e-10
77036 1e-09 9.995e-10
77224 1e-09 9.995e-10
77586 1e-09 9.995e-10
78558 1e-09 9.995e-10
79564 1e-09 9.995e-10
79580 1e-09 9.995e-10
80866 1e-09 9.995e-10
81732 1e-09 9.995e-10
81868 1e-09 9.995e-10
81930 1e-09 9.995e-10
82344 1e-09 9.995e-10
83146 1e-09 9.995e-10
83148 1e-09 9.995e-10
83372 1e-09 9.995e-10
84048 1e-09 9.995e-10
84408 1e-09 9.995e-10
84588 1e-09 9.995e-10
84818 1e-09 9.995e-10
85530 1e-09 9.995e-10
85794 1e-09 9.995e-10
86324 1e-09 9.995e-10
86504 1e-09 9.995e-10
86576 1e-09 9.995e-10
86812 1e-09 9.995e-10
86862 1e-09 9.995e-10
87198 1e-09 9.995e-10
87212 1e-09 9.995e-10
87652 1e-09 9.995e-10
90656 1e-09 9.995e-10
91268 1e-09 9.995e-10
91396 1e-09 9.995e-10
91554 1e-09 9.995e-10
91656 1e-09 9.995e-10
91778 1e-09 9.995e-10
93218 1e-09 9.995e-10
93708 1e-09 9.995e-10
94626 1e-09 9.995e-10
95298 1e-09 9.995e-10
95740 1e-09 9.995e-10
98908 1e-09 9.995e-10
99232 1e-09 9.995e-10
99642 1e-09 9.995e-10
99932 1e-09 9.995e-10
100210 1e-09 9.995e-10
100234 1e-09 9.995e-10
101230 1e-09 9.995e-10
101576 1e-09 9.995e-10
101740 1e-09 9.995e-10
101864 1e-09 9.995e-10
103404 1e-09 9.995e-10
103868 1e-09 9.995e-10
104702 1e-09 9.995e-10
106466 1e-09 9.995e-10
108982 1e-09 9.995e-10
109978 1e-09 9.995e-10
111092 1e-09 9.995e-10
112540 1e-09 9.995e-10
113538 1e-09 9.995e-10
113666 1e-09 9.995e-10
115832 1e-09 9.995e-10
115926 1e-09 9.995e-10
117868 1e-09 9.995e-10
118488 1e-09 9.995e-10
118668 1e-09 9.995e-10
118864 1e-09 9.995e-10
120406 1e-09 9.995e-10
120956 1e-09 9.995e-10
121566 1e-09 9.995e-10
122168 1e-09 9.995e-10
123352 1e-09 9.995e-10
124198 1e-09 9.995e-10
127258 1e-09 9.995e-10
127440 1e-09 9.995e-10
128726 1e-09 9.995e-10
130512 1e-09 9.995e-10
133734 1e-09 9.995e-10
138752 1e-09 9.995e-10
140408 1e-09 9.995e-10
148304 1e-09 9.995e-10
150244 1e-09 9.995e-10
150456 1e-09 9.995e-10
152130 1e-09 9.995e-10
155374 1e-09 9.995e-10
159750 1e-09 9.995e-10
161122 1e-09 9.995e-10
163466 1e-09 9.995e-10
166354 1e-09 9.995e-10
169002 1e-09 9.995e-10
170434 1e-09 9.995e-10
170472 1e-09 9.995e-10
170562 1e-09 9.995e-10
170972 1e-09 9.995e-10
171090 1e-09 9.995e-10
171984 1e-09 9.995e-10
174098 1e-09 9.995e-10
177280 1e-09 9.995e-10
185648 1e-09 9.995e-10
191868 1e-09 9.995e-10
195712 1e-09 9.995e-10
196538 1e-09 9.995e-10
198086 1e-09 9.995e-10
199238 1e-09 9.995e-10
200042 1e-09 9.995e-10
201032 1e-09 9.995e-10
215076 1e-09 9.995e-10
215834 1e-09 9.995e-10
218756 1e-09 9.995e-10
223678 1e-09 9.995e-10
231860 1e-09 9.995e-10
241822 1e-09 9.995e-10
242240 1e-09 9.995e-10
246572 1e-09 9.995e-10
252628 1e-09 9.995e-10
255682 1e-09 9.995e-10
282986 1e-09 9.995e-10
288144 1e-09 9.995e-10
331986 1e-09 9.995e-10
385370 1e-09 9.995e-10
