4 0.00569818 2.46598e-06
6 0.00202541 1.43599e-06
8 0.000979139 9.84868e-07
10 0.000542739 7.34963e-07
12 0.000336584 5.68455e-07
14 0.000223721 4.68187e-07
16 0.000158003 3.81207e-07
18 0.000116559 3.39654e-07
20 8.8971e-05 2.97261e-07
22 6.9583e-05 2.68535e-07
24 5.5646e-05 2.43817e-07
26 4.5155e-05 2.13253e-07
28 3.7501e-05 1.949e-07
30 3.1675e-05 1.78054e-07
32 2.6675e-05 1.63491e-07
34 2.2957e-05 1.53216e-07
36 1.9335e-05 1.41247e-07
38 1.7091e-05 1.31174e-07
40 1.5343e-05 1.24255e-07
42 1.3554e-05 1.20818e-07
44 1.1974e-05 1.09633e-07
46 1.0807e-05 1.05127e-07
48 9.531e-06 9.44195e-08
50 8.716e-06 9.02294e-08
52 7.838e-06 8.56257e-08
54 7.13e-06 8.46233e-08
56 6.416e-06 7.82748e-08
58 5.953e-06 7.57944e-08
60 5.61e-06 7.47389e-08
62 5.009e-06 6.91153e-08
64 4.617e-06 6.81932e-08
66 4.353e-06 6.59727e-08
68 4.084e-06 6.45364e-08
70 3.692e-06 6.12792e-08
72 3.48e-06 5.62814e-08
74 3.176e-06 5.47999e-08
76 2.906e-06 5.4435e-08
78 2.862e-06 5.20476e-08
80 2.684e-06 5.2973e-08
82 2.557e-06 4.91198e-08
84 2.384e-06 4.9138e-08
86 2.147e-06 4.59499e-08
88 2.04e-06 4.42538e-08
90 1.927e-06 4.22572e-08
92 1.939e-06 4.52248e-08
94 1.784e-06 4.23006e-08
96 1.656e-06 4.11784e-08
98 1.576e-06 3.78447e-08
100 1.56e-06 4.10658e-08
102 1.421e-06 4.04445e-08
104 1.341e-06 3.57592e-08
106 1.299e-06 3.60777e-08
108 1.275e-06 3.61023e-08
110 1.195e-06 3.47703e-08
112 1.152e-06 3.37772e-08
114 1.087e-06 3.27938e-08
116 9.9e-07 3.19672e-08
118 1.046e-06 3.26785e-08
120 9.48e-07 3.17379e-08
122 9.61e-07 3.12647e-08
124 8.97e-07 3.0796e-08
126 8.74e-07 3.05961e-08
128 7.77e-07 2.7005e-08
130 7.62e-07 2.77012e-08
132 7.78e-07 2.75085e-08
134 7.09e-07 2.69874e-08
136 6.88e-07 2.66956e-08
138 6.56e-07 2.4283e-08
140 6.66e-07 2.65414e-08
142 6.19e-07 2.45731e-08
144 6.21e-07 2.50471e-08
146 5.46e-07 2.31059e-08
148 5.47e-07 2.33622e-08
150 5.39e-07 2.22369e-08
152 5.34e-07 2.28658e-08
154 5.27e-07 2.23891e-08
156 4.69e-07 2.20236e-08
158 5.01e-07 2.33238e-08
160 4.72e-07 2.11001e-08
162 4.24e-07 2.0838e-08
164 4.38e-07 2.1264e-08
166 4.21e-07 2.02918e-08
168 4.29e-07 2.10941e-08
170 4.18e-07 2.0525e-08
172 3.91e-07 2.04968e-08
174 3.96e-07 1.97784e-08
176 3.56e-07 1.90069e-08
178 3.9e-07 1.91285e-08
180 3.57e-07 1.8589e-08
182 3.58e-07 1.85967e-08
184 3.39e-07 1.80022e-08
186 2.88e-07 1.6645e-08
188 2.96e-07 1.73892e-08
190 2.94e-07 1.64792e-08
192 3.13e-07 1.73502e-08
194 2.71e-07 1.672e-08
196 2.94e-07 1.78203e-08
198 3.16e-07 1.83342e-08
200 2.96e-07 1.66248e-08
202 2.71e-07 1.69576e-08
204 2.47e-07 1.50994e-08
206 3.01e-07 1.79555e-08
208 2.37e-07 1.53242e-08
210 2.12e-07 1.45964e-08
212 2.41e-07 1.53922e-08
214 2.5e-07 1.56045e-08
216 2.12e-07 1.43894e-08
218 2.14e-07 1.49734e-08
220 2.12e-07 1.43198e-08
222 2.06e-07 1.44763e-08
224 2.01e-07 1.47173e-08
226 1.96e-07 1.38414e-08
228 2.09e-07 1.45368e-08
230 1.82e-07 1.3449e-08
232 1.42e-07 1.19095e-08
234 1.82e-07 1.36703e-08
236 1.61e-07 1.24531e-08
238 1.77e-07 1.34785e-08
240 1.5e-07 1.23085e-08
242 1.73e-07 1.3895e-08
244 1.61e-07 1.3003e-08
246 1.54e-07 1.18442e-08
248 1.39e-07 1.19866e-08
250 1.42e-07 1.19932e-08
252 1.48e-07 1.22514e-08
254 1.47e-07 1.23851e-08
256 1.4e-07 1.1679e-08
258 1.58e-07 1.25314e-08
260 1.47e-07 1.22226e-08
262 1.48e-07 1.18362e-08
264 1.33e-07 1.13715e-08
266 1.27e-07 1.12637e-08
268 1.42e-07 1.16549e-08
270 1.14e-07 1.0724e-08
272 1.28e-07 1.14724e-08
274 1.16e-07 1.11599e-08
276 1.11e-07 1.08018e-08
278 1.09e-07 1.05413e-08
280 1.17e-07 1.07383e-08
282 1.04e-07 1.0353e-08
284 1.01e-07 1.0139e-08
286 1.18e-07 1.05866e-08
288 8.4e-08 8.99689e-09
290 9.5e-08 9.79668e-09
292 9.5e-08 9.69407e-09
294 1.04e-07 1.02559e-08
296 1.03e-07 1.01188e-08
298 1e-07 1.0198e-08
300 8.9e-08 9.43817e-09
302 9.9e-08 9.65396e-09
304 8.6e-08 8.86589e-09
306 9.4e-08 9.85718e-09
308 9.2e-08 9.56744e-09
310 8.1e-08 8.96878e-09
312 9e-08 9.58645e-09
314 8.5e-08 9.26148e-09
316 7.4e-08 8.5161e-09
318 6.9e-08 8.49935e-09
320 7.6e-08 8.49847e-09
322 7.5e-08 9.02081e-09
324 8.5e-08 9.15287e-09
326 8.8e-08 9.06951e-09
328 8.6e-08 9.41297e-09
330 7.6e-08 8.73064e-09
332 6.5e-08 7.92307e-09
334 9e-08 9.48156e-09
336 8e-08 9.1433e-09
338 8.7e-08 9.56196e-09
340 6e-08 7.77174e-09
342 5.9e-08 7.8434e-09
344 7e-08 8.43208e-09
346 6.3e-08 8.06418e-09
348 6.4e-08 7.86791e-09
350 6.5e-08 7.92307e-09
352 7.3e-08 8.69891e-09
354 5.6e-08 7.40702e-09
356 5.2e-08 7.30041e-09
358 6.1e-08 7.82809e-09
360 7.4e-08 8.27792e-09
362 5.6e-08 7.27076e-09
364 5.8e-08 7.39162e-09
366 5.7e-08 7.46666e-09
368 7.3e-08 8.81312e-09
370 6e-08 7.77174e-09
372 5.5e-08 7.61413e-09
374 5.3e-08 7.22433e-09
376 4.5e-08 6.70634e-09
378 4.7e-08 6.69261e-09
380 4.8e-08 6.90623e-09
382 4.7e-08 6.84039e-09
384 4.2e-08 6.34319e-09
386 5.3e-08 7.36145e-09
388 5.7e-08 7.46666e-09
390 4.3e-08 6.4149e-09
392 5.5e-08 7.48164e-09
394 5.6e-08 7.40702e-09
396 5e-08 7.03562e-09
398 3.8e-08 6.20935e-09
400 4.3e-08 6.56894e-09
402 4.4e-08 6.63807e-09
404 4.5e-08 6.55553e-09
406 5.1e-08 7.23872e-09
408 3.5e-08 5.98122e-09
410 5.8e-08 7.65741e-09
412 4.4e-08 6.63807e-09
414 3.1e-08 5.8343e-09
416 3.8e-08 6.36836e-09
418 3.9e-08 6.28323e-09
420 4.1e-08 6.58172e-09
422 3.1e-08 5.48078e-09
424 3.7e-08 5.96917e-09
426 4.6e-08 6.91983e-09
428 4.4e-08 6.48568e-09
430 3.7e-08 5.96917e-09
432 3.4e-08 5.73097e-09
434 3.2e-08 5.74247e-09
436 3.6e-08 6.05838e-09
438 4.1e-08 6.42799e-09
440 4.2e-08 6.65101e-09
442 2.4e-08 4.83983e-09
444 5.2e-08 7.16212e-09
446 5.1e-08 6.95694e-09
448 4e-08 6.19677e-09
450 2.5e-08 4.9371e-09
452 3.3e-08 5.82332e-09
454 3e-08 5.57674e-09
456 3.5e-08 5.81163e-09
458 2.6e-08 5.22724e-09
460 2.6e-08 5.22724e-09
462 3.8e-08 6.20935e-09
464 2.9e-08 5.30651e-09
466 3.6e-08 5.89101e-09
468 2.9e-08 5.30651e-09
470 2.8e-08 5.40518e-09
472 3.8e-08 6.04616e-09
474 2.7e-08 5.12552e-09
476 3.6e-08 5.89101e-09
478 3e-08 5.75326e-09
480 4e-08 6.3561e-09
482 3.4e-08 6.2325e-09
484 1.9e-08 4.31729e-09
486 2.7e-08 5.31705e-09
488 3.2e-08 5.56561e-09
490 2.9e-08 5.30651e-09
492 2e-08 4.42719e-09
494 3.2e-08 5.74247e-09
496 3.5e-08 5.98122e-09
498 2.9e-08 5.30651e-09
500 2.7e-08 5.12552e-09
502 2.5e-08 5.13566e-09
504 1.7e-08 4.08791e-09
506 3.5e-08 5.81163e-09
508 2.8e-08 5.2169e-09
510 3.9e-08 6.12201e-09
512 2.4e-08 4.83983e-09
514 2.4e-08 4.83983e-09
516 2.1e-08 4.74963e-09
518 1.8e-08 4.20428e-09
520 3.3e-08 5.64898e-09
522 2.4e-08 4.83983e-09
524 3e-08 5.39444e-09
526 2.4e-08 4.83983e-09
528 2.2e-08 4.63853e-09
530 2.5e-08 4.9371e-09
532 1.7e-08 4.08791e-09
534 2.4e-08 4.83983e-09
536 1.9e-08 4.31729e-09
538 2.1e-08 4.74963e-09
540 1.6e-08 3.96787e-09
542 2.2e-08 4.63853e-09
544 2.2e-08 4.63853e-09
546 1.7e-08 4.08791e-09
548 2.1e-08 4.5342e-09
550 2e-08 4.42719e-09
552 2.2e-08 4.63853e-09
554 2e-08 4.42719e-09
556 1.7e-08 4.08791e-09
558 1.9e-08 4.54302e-09
560 1.9e-08 4.31729e-09
562 1.6e-08 3.96787e-09
564 3.4e-08 5.90288e-09
566 2.8e-08 5.40518e-09
568 2.1e-08 4.5342e-09
570 1.6e-08 3.96787e-09
572 1.6e-08 3.96787e-09
574 2.1e-08 4.5342e-09
576 2e-08 4.42719e-09
578 1.4e-08 3.71537e-09
580 2.1e-08 4.5342e-09
582 2.3e-08 4.94682e-09
584 1.5e-08 3.84383e-09
586 2e-08 4.42719e-09
588 2e-08 4.42719e-09
590 1.8e-08 4.20428e-09
592 2.8e-08 5.2169e-09
594 1.4e-08 3.71537e-09
596 2.7e-08 5.31705e-09
598 2.2e-08 4.63853e-09
600 1.7e-08 4.08791e-09
602 1.1e-08 3.29833e-09
604 1.5e-08 3.84383e-09
606 1.3e-08 3.58204e-09
608 1.8e-08 4.20428e-09
610 1.8e-08 4.20428e-09
612 1.2e-08 3.44325e-09
614 2e-08 4.42719e-09
616 1.5e-08 3.84383e-09
618 1.9e-08 4.31729e-09
620 1.5e-08 3.84383e-09
622 1.4e-08 3.71537e-09
624 1.8e-08 4.20428e-09
626 2e-08 4.42719e-09
628 1e-08 3.14643e-09
630 1.1e-08 3.58873e-09
632 1.5e-08 3.84383e-09
634 1.1e-08 3.29833e-09
636 1.2e-08 3.44325e-09
638 1.2e-08 3.44325e-09
640 1.4e-08 3.71537e-09
642 1.1e-08 3.29833e-09
644 1.9e-08 4.31729e-09
646 1.8e-08 4.20428e-09
648 1.2e-08 3.44325e-09
650 2e-08 4.64758e-09
652 1.7e-08 4.08791e-09
654 9e-09 2.98647e-09
656 2.2e-08 4.63853e-09
658 8e-09 2.81709e-09
660 1.1e-08 3.29833e-09
662 1e-08 3.14643e-09
664 1.7e-08 4.08791e-09
666 1.6e-08 3.96787e-09
668 2e-08 4.42719e-09
670 8e-09 2.81709e-09
672 1.3e-08 3.58204e-09
674 1e-08 3.14643e-09
676 1.5e-08 3.84383e-09
678 9e-09 2.98647e-09
680 1.2e-08 3.44325e-09
682 1e-08 3.14643e-09
684 1.2e-08 3.44325e-09
686 8e-09 2.81709e-09
688 1.8e-08 4.20428e-09
690 1.1e-08 3.29833e-09
692 1.3e-08 3.58204e-09
694 8e-09 2.81709e-09
696 4e-09 1.996e-09
698 1.8e-08 4.20428e-09
700 1e-08 3.14643e-09
702 8e-09 2.81709e-09
704 1.2e-08 3.44325e-09
706 6e-09 2.44213e-09
708 1.5e-08 3.84383e-09
710 7e-09 2.63647e-09
712 1.3e-08 3.58204e-09
714 1.2e-08 3.44325e-09
716 1.2e-08 3.44325e-09
718 1.3e-08 3.58204e-09
720 1.1e-08 3.29833e-09
722 1e-08 3.14643e-09
724 8e-09 2.81709e-09
726 1.1e-08 3.29833e-09
728 7e-09 2.63647e-09
730 1.4e-08 3.97542e-09
732 7e-09 2.63647e-09
734 6e-09 2.44213e-09
736 1.5e-08 3.84383e-09
738 7e-09 2.63647e-09
740 1.1e-08 3.29833e-09
742 1.2e-08 3.44325e-09
744 1.2e-08 3.44325e-09
746 5e-09 2.23047e-09
748 1.3e-08 4.10256e-09
750 9e-09 2.98647e-09
752 1e-08 3.14643e-09
754 1e-08 3.14643e-09
756 6e-09 2.44213e-09
758 7e-09 2.63647e-09
760 1.4e-08 3.71537e-09
762 1.5e-08 3.84383e-09
764 8e-09 2.81709e-09
766 9e-09 2.98647e-09
768 8e-09 2.81709e-09
770 1e-08 3.14643e-09
772 1.3e-08 3.58204e-09
774 6e-09 2.44213e-09
776 1e-08 3.14643e-09
778 8e-09 2.81709e-09
780 1.5e-08 3.84383e-09
782 1.2e-08 3.44325e-09
784 1.1e-08 3.29833e-09
786 1.3e-08 3.58204e-09
788 7e-09 2.63647e-09
790 1.1e-08 3.29833e-09
792 1.3e-08 3.58204e-09
794 8e-09 2.81709e-09
796 1e-08 3.14643e-09
798 7e-09 2.63647e-09
800 8e-09 2.81709e-09
802 7e-09 2.63647e-09
804 6e-09 2.44213e-09
806 6e-09 2.44213e-09
808 6e-09 2.44213e-09
810 5e-09 2.23047e-09
812 2e-09 1.4128e-09
814 5e-09 2.23047e-09
816 7e-09 2.63647e-09
818 6e-09 2.44213e-09
820 1.2e-08 3.44325e-09
822 1.1e-08 3.29833e-09
824 6e-09 2.44213e-09
826 9e-09 2.98647e-09
828 7e-09 2.63647e-09
830 4e-09 1.996e-09
832 6e-09 2.44213e-09
834 1e-08 3.14643e-09
836 8e-09 2.81709e-09
838 3e-09 1.72945e-09
840 6e-09 2.44213e-09
842 1e-08 3.44964e-09
844 6e-09 2.44213e-09
846 4e-09 1.996e-09
848 5e-09 2.23047e-09
850 6e-09 2.44213e-09
852 8e-09 2.81709e-09
854 5e-09 2.23047e-09
856 1e-08 3.14643e-09
858 3e-09 1.72945e-09
860 6e-09 2.44213e-09
862 3e-09 1.72945e-09
864 3e-09 1.72945e-09
866 8e-09 2.81709e-09
868 5e-09 2.23047e-09
870 5e-09 2.23047e-09
872 4e-09 1.996e-09
874 8e-09 3.15214e-09
876 4e-09 1.996e-09
878 1.1e-08 3.29833e-09
880 4e-09 1.996e-09
882 4e-09 1.996e-09
884 8e-09 2.81709e-09
886 6e-09 2.44213e-09
888 1e-08 3.14643e-09
890 7e-09 2.63647e-09
892 5e-09 2.23047e-09
894 1.1e-08 3.58873e-09
896 5e-09 2.23047e-09
898 5e-09 2.23047e-09
900 5e-09 2.23047e-09
902 7e-09 2.63647e-09
904 7e-09 2.63647e-09
906 5e-09 2.23047e-09
908 9e-09 2.98647e-09
910 3e-09 1.72945e-09
912 6e-09 2.44213e-09
914 5e-09 2.23047e-09
916 8e-09 2.81709e-09
918 6e-09 2.44213e-09
920 4e-09 1.996e-09
922 7e-09 2.63647e-09
924 7e-09 2.63647e-09
926 3e-09 1.72945e-09
928 4e-09 1.996e-09
930 6e-09 2.44213e-09
932 3e-09 1.72945e-09
934 7e-09 2.63647e-09
936 6e-09 2.44213e-09
938 5e-09 2.23047e-09
940 2e-09 1.4128e-09
942 7e-09 2.63647e-09
944 6e-09 2.44213e-09
946 4e-09 1.996e-09
948 5e-09 2.23047e-09
950 9e-09 2.98647e-09
952 4e-09 1.996e-09
954 7e-09 2.63647e-09
956 3e-09 1.72945e-09
958 6e-09 2.44213e-09
960 4e-09 1.996e-09
962 5e-09 2.23047e-09
964 9e-09 2.98647e-09
966 5e-09 2.23047e-09
968 8e-09 2.81709e-09
970 6e-09 2.44213e-09
972 6e-09 2.44213e-09
974 7e-09 2.63647e-09
976 9e-09 2.98647e-09
978 8e-09 2.81709e-09
980 4e-09 1.996e-09
982 3e-09 1.72945e-09
984 3e-09 1.72945e-09
986 4e-09 1.996e-09
988 8e-09 2.81709e-09
990 2e-09 1.4128e-09
992 9e-09 2.98647e-09
994 6e-09 2.44213e-09
996 5e-09 2.23047e-09
998 4e-09 1.996e-09
1000 5e-09 2.23047e-09
1002 2e-09 1.4128e-09
1004 1e-09 9.995e-10
1006 4e-09 1.996e-09
1008 6e-09 2.44213e-09
1010 3e-09 1.72945e-09
1012 6e-09 2.44213e-09
1014 3e-09 1.72945e-09
1016 1e-09 9.995e-10
1018 4e-09 1.996e-09
1020 2e-09 1.4128e-09
1022 3e-09 1.72945e-09
1024 5e-09 2.23047e-09
1026 2e-09 1.4128e-09
1028 4e-09 1.996e-09
1030 3e-09 1.72945e-09
1032 3e-09 1.72945e-09
1034 3e-09 1.72945e-09
1036 3e-09 1.72945e-09
1038 3e-09 1.72945e-09
1040 1e-08 3.14643e-09
1042 3e-09 1.72945e-09
1044 2e-09 1.4128e-09
1046 3e-09 1.72945e-09
1048 2e-09 1.4128e-09
1050 6e-09 2.44213e-09
1052 2e-09 1.4128e-09
1054 5e-09 2.23047e-09
1056 4e-09 1.996e-09
1058 5e-09 2.23047e-09
1060 5e-09 2.23047e-09
1062 6e-09 2.44213e-09
1064 2e-09 1.4128e-09
1066 1.3e-08 3.58204e-09
1068 4e-09 1.996e-09
1070 2e-09 1.4128e-09
1072 7e-09 2.63647e-09
1074 4e-09 1.996e-09
1076 2e-09 1.4128e-09
1078 4e-09 1.996e-09
1080 5e-09 2.23047e-09
1082 3e-09 1.72945e-09
1084 4e-09 1.996e-09
1086 1e-09 9.995e-10
1088 8e-09 2.81709e-09
1090 4e-09 1.996e-09
1092 2e-09 1.4128e-09
1094 4e-09 1.996e-09
1096 6e-09 2.44213e-09
1098 5e-09 2.23047e-09
1100 2e-09 1.4128e-09
1102 4e-09 1.996e-09
1104 5e-09 2.23047e-09
1106 1e-09 9.995e-10
1110 3e-09 1.72945e-09
1112 3e-09 1.72945e-09
1114 5e-09 2.23047e-09
1116 3e-09 1.72945e-09
1118 3e-09 1.72945e-09
1120 2e-09 1.4128e-09
1122 5e-09 2.23047e-09
1124 2e-09 1.4128e-09
1126 1e-09 9.995e-10
1128 3e-09 1.72945e-09
1130 4e-09 1.996e-09
1132 1e-09 9.995e-10
1134 4e-09 1.996e-09
1136 6e-09 2.44213e-09
1138 3e-09 1.72945e-09
1140 3e-09 1.72945e-09
1142 3e-09 1.72945e-09
1144 4e-09 1.996e-09
1146 4e-09 1.996e-09
1148 3e-09 1.72945e-09
1150 2e-09 1.4128e-09
1152 1e-09 9.995e-10
1156 4e-09 1.996e-09
1158 3e-09 1.72945e-09
1160 3e-09 1.72945e-09
1162 5e-09 2.23047e-09
1164 2e-09 1.4128e-09
1166 1e-09 9.995e-10
1168 4e-09 1.996e-09
1170 2e-09 1.4128e-09
1172 4e-09 1.996e-09
1174 3e-09 1.72945e-09
1176 4e-09 1.996e-09
1178 1e-09 9.995e-10
1180 2e-09 1.4128e-09
1182 3e-09 1.72945e-09
1184 4e-09 1.996e-09
1186 5e-09 2.23047e-09
1188 4e-09 1.996e-09
1190 3e-09 1.72945e-09
1192 2e-09 1.4128e-09
1194 4e-09 1.996e-09
1196 1e-09 9.995e-10
1198 3e-09 1.72945e-09
1200 3e-09 1.72945e-09
1202 3e-09 1.72945e-09
1204 4e-09 1.996e-09
1206 2e-09 1.999e-09
1208 1e-09 9.995e-10
1210 5e-09 2.23047e-09
1212 1e-09 9.995e-10
1214 1e-09 9.995e-10
1216 4e-09 1.996e-09
1218 4e-09 1.996e-09
1220 5e-09 2.23047e-09
1222 6e-09 2.44213e-09
1224 1e-09 9.995e-10
1226 7e-09 2.63647e-09
1230 1e-09 9.995e-10
1232 2e-09 1.4128e-09
1234 3e-09 1.72945e-09
1236 4e-09 1.996e-09
1238 1e-09 9.995e-10
1240 3e-09 1.72945e-09
1242 3e-09 1.72945e-09
1244 3e-09 1.72945e-09
1248 3e-09 1.72945e-09
1250 4e-09 1.996e-09
1252 5e-09 2.23047e-09
1254 2e-09 1.4128e-09
1256 3e-09 1.72945e-09
1260 4e-09 1.996e-09
1262 2e-09 1.4128e-09
1264 1e-09 9.995e-10
1266 4e-09 1.996e-09
1268 6e-09 2.44213e-09
1270 4e-09 1.996e-09
1272 3e-09 1.72945e-09
1274 4e-09 1.996e-09
1276 3e-09 1.72945e-09
1278 4e-09 1.996e-09
1280 3e-09 1.72945e-09
1282 3e-09 1.72945e-09
1284 2e-09 1.4128e-09
1286 6e-09 2.44213e-09
1288 1e-09 9.995e-10
1290 5e-09 2.23047e-09
1292 3e-09 1.72945e-09
1294 4e-09 1.996e-09
1296 2e-09 1.4128e-09
1298 1e-09 9.995e-10
1300 1e-09 9.995e-10
1302 2e-09 1.4128e-09
1304 2e-09 1.4128e-09
1306 4e-09 1.996e-09
1308 2e-09 1.4128e-09
1310 3e-09 1.72945e-09
1312 3e-09 1.72945e-09
1314 1e-09 9.995e-10
1316 5e-09 2.23047e-09
1318 1e-09 9.995e-10
1322 3e-09 1.72945e-09
1324 2e-09 1.4128e-09
1326 1e-09 9.995e-10
1330 3e-09 1.72945e-09
1332 3e-09 1.72945e-09
1334 2e-09 1.4128e-09
1336 1e-09 9.995e-10
1338 1e-09 9.995e-10
1340 3e-09 1.72945e-09
1344 2e-09 1.4128e-09
1346 3e-09 1.72945e-09
1348 1e-09 9.995e-10
1350 2e-09 1.4128e-09
1352 1e-09 9.995e-10
1354 1e-09 9.995e-10
1356 2e-09 1.4128e-09
1358 2e-09 1.4128e-09
1360 3e-09 1.72945e-09
1362 1e-09 9.995e-10
1364 1e-09 9.995e-10
1370 2e-09 1.4128e-09
1372 2e-09 1.4128e-09
1374 2e-09 1.4128e-09
1376 2e-09 1.4128e-09
1380 5e-09 2.23047e-09
1382 5e-09 2.23047e-09
1384 4e-09 1.996e-09
1386 1e-09 9.995e-10
1388 2e-09 1.4128e-09
1390 1e-09 9.995e-10
1392 1e-09 9.995e-10
1394 1e-09 9.995e-10
1396 5e-09 2.23047e-09
1400 4e-09 1.996e-09
1402 1e-09 9.995e-10
1404 1e-09 9.995e-10
1406 1e-09 9.995e-10
1408 5e-09 2.23047e-09
1410 1e-09 9.995e-10
1412 2e-09 1.4128e-09
1414 3e-09 1.72945e-09
1416 2e-09 1.4128e-09
1418 3e-09 1.72945e-09
1420 3e-09 1.72945e-09
1422 1e-09 9.995e-10
1424 1e-09 9.995e-10
1426 2e-09 1.4128e-09
1428 2e-09 1.4128e-09
1430 2e-09 1.4128e-09
1432 2e-09 1.4128e-09
1434 2e-09 1.4128e-09
1436 1e-09 9.995e-10
1438 1e-09 9.995e-10
1440 2e-09 1.4128e-09
1442 3e-09 1.72945e-09
1444 1e-09 9.995e-10
1446 1e-09 9.995e-10
1448 1e-09 9.995e-10
1450 2e-09 1.4128e-09
1452 5e-09 2.23047e-09
1454 4e-09 1.996e-09
1456 1e-09 9.995e-10
1458 2e-09 1.4128e-09
1460 3e-09 1.72945e-09
1462 1e-09 9.995e-10
1464 3e-09 1.72945e-09
1466 5e-09 2.23047e-09
1468 1e-09 9.995e-10
1470 1e-09 9.995e-10
1472 4e-09 1.996e-09
1474 1e-09 9.995e-10
1476 1e-09 9.995e-10
1478 3e-09 1.72945e-09
1480 2e-09 1.4128e-09
1482 2e-09 1.4128e-09
1484 2e-09 1.4128e-09
1486 3e-09 1.72945e-09
1488 2e-09 1.4128e-09
1490 1e-09 9.995e-10
1492 2e-09 1.4128e-09
1494 2e-09 1.4128e-09
1496 3e-09 1.72945e-09
1500 5e-09 2.23047e-09
1502 3e-09 1.72945e-09
1504 1e-09 9.995e-10
1508 3e-09 1.72945e-09
1510 2e-09 1.4128e-09
1512 1e-09 9.995e-10
1514 1e-09 9.995e-10
1516 2e-09 1.4128e-09
1518 4e-09 1.996e-09
1520 2e-09 1.4128e-09
1522 5e-09 2.23047e-09
1526 3e-09 1.72945e-09
1530 2e-09 1.4128e-09
1532 2e-09 1.4128e-09
1534 3e-09 1.72945e-09
1536 2e-09 1.4128e-09
1540 1e-09 9.995e-10
1542 2e-09 1.4128e-09
1544 4e-09 1.996e-09
1550 1e-09 9.995e-10
1552 3e-09 1.72945e-09
1554 3e-09 1.72945e-09
1556 1e-09 9.995e-10
1560 1e-09 9.995e-10
1562 3e-09 1.72945e-09
1564 1e-09 9.995e-10
1566 2e-09 1.4128e-09
1570 3e-09 1.72945e-09
1572 2e-09 1.4128e-09
1574 2e-09 1.4128e-09
1576 2e-09 1.4128e-09
1578 1e-09 9.995e-10
1580 2e-09 1.4128e-09
1584 2e-09 1.4128e-09
1588 1e-09 9.995e-10
1590 1e-09 9.995e-10
1592 1e-09 9.995e-10
1594 4e-09 1.996e-09
1596 1e-09 9.995e-10
1598 1e-09 9.995e-10
1600 1e-09 9.995e-10
1604 2e-09 1.4128e-09
1606 2e-09 1.4128e-09
1608 2e-09 1.4128e-09
1610 2e-09 1.4128e-09
1612 3e-09 1.72945e-09
1614 2e-09 1.4128e-09
1616 2e-09 1.4128e-09
1618 2e-09 1.4128e-09
1624 1e-09 9.995e-10
1628 3e-09 1.72945e-09
1630 1e-09 9.995e-10
1632 1e-09 9.995e-10
1634 2e-09 1.4128e-09
1636 1e-09 9.995e-10
1642 1e-09 9.995e-10
1644 1e-09 9.995e-10
1648 1e-09 9.995e-10
1650 1e-09 9.995e-10
1654 3e-09 1.72945e-09
1656 2e-09 1.4128e-09
1658 2e-09 1.4128e-09
1662 1e-09 9.995e-10
1666 1e-09 9.995e-10
1668 3e-09 1.72945e-09
1670 2e-09 1.4128e-09
1674 3e-09 1.72945e-09
1678 2e-09 1.4128e-09
1680 3e-09 1.72945e-09
1688 1e-09 9.995e-10
1692 1e-09 9.995e-10
1694 1e-09 9.995e-10
1696 1e-09 9.995e-10
1698 2e-09 1.4128e-09
1700 1e-09 9.995e-10
1702 1e-09 9.995e-10
1706 2e-09 1.4128e-09
1710 2e-09 1.4128e-09
1714 3e-09 1.72945e-09
1716 2e-09 1.4128e-09
1720 1e-09 9.995e-10
1722 1e-09 9.995e-10
1724 2e-09 1.4128e-09
1728 2e-09 1.4128e-09
1730 2e-09 1.4128e-09
1732 3e-09 1.72945e-09
1734 1e-09 9.995e-10
1738 3e-09 1.72945e-09
1740 2e-09 1.4128e-09
1742 3e-09 1.72945e-09
1744 1e-09 9.995e-10
1748 1e-09 9.995e-10
1750 2e-09 1.4128e-09
1752 1e-09 9.995e-10
1754 2e-09 1.4128e-09
1756 1e-09 9.995e-10
1760 4e-09 1.996e-09
1762 1e-09 9.995e-10
1764 4e-09 1.996e-09
1766 1e-09 9.995e-10
1768 1e-09 9.995e-10
1770 1e-09 9.995e-10
1772 3e-09 1.72945e-09
1774 2e-09 1.4128e-09
1776 1e-09 9.995e-10
1778 1e-09 9.995e-10
1780 1e-09 9.995e-10
1786 2e-09 1.4128e-09
1796 2e-09 1.4128e-09
1802 2e-09 1.4128e-09
1804 3e-09 1.72945e-09
1806 3e-09 1.72945e-09
1808 2e-09 1.4128e-09
1810 3e-09 1.72945e-09
1812 1e-09 9.995e-10
1814 4e-09 1.996e-09
1816 1e-09 9.995e-10
1818 2e-09 1.4128e-09
1824 2e-09 1.4128e-09
1826 3e-09 1.72945e-09
1828 1e-09 9.995e-10
1830 3e-09 1.72945e-09
1832 1e-09 9.995e-10
1834 1e-09 9.995e-10
1836 1e-09 9.995e-10
1838 1e-09 9.995e-10
1840 2e-09 1.4128e-09
1844 2e-09 1.4128e-09
1848 2e-09 1.4128e-09
1854 1e-09 9.995e-10
1856 1e-09 9.995e-10
1858 1e-09 9.995e-10
1860 2e-09 1.4128e-09
1864 1e-09 9.995e-10
1866 2e-09 1.4128e-09
1868 2e-09 1.4128e-09
1870 1e-09 9.995e-10
1872 1e-09 9.995e-10
1880 2e-09 1.4128e-09
1888 1e-09 9.995e-10
1892 2e-09 1.4128e-09
1896 1e-09 9.995e-10
1898 1e-09 9.995e-10
1900 1e-09 9.995e-10
1902 1e-09 9.995e-10
1904 3e-09 1.72945e-09
1906 2e-09 1.4128e-09
1908 2e-09 1.4128e-09
1912 1e-09 9.995e-10
1920 2e-09 1.4128e-09
1924 1e-09 9.995e-10
1928 1e-09 9.995e-10
1930 1e-09 9.995e-10
1932 1e-09 9.995e-10
1934 1e-09 9.995e-10
1940 1e-09 9.995e-10
1946 1e-09 9.995e-10
1950 3e-09 1.72945e-09
1952 2e-09 1.4128e-09
1956 1e-09 9.995e-10
1958 1e-09 9.995e-10
1960 3e-09 1.72945e-09
1966 1e-09 9.995e-10
1972 1e-09 9.995e-10
1976 1e-09 9.995e-10
1978 2e-09 1.4128e-09
1980 1e-09 9.995e-10
1990 2e-09 1.4128e-09
1996 1e-09 9.995e-10
1998 1e-09 9.995e-10
2000 1e-09 9.995e-10
2004 2e-09 1.4128e-09
2008 2e-09 1.4128e-09
2010 3e-09 1.72945e-09
2012 3e-09 1.72945e-09
2016 5e-09 2.23047e-09
2018 1e-09 9.995e-10
2020 2e-09 1.4128e-09
2022 1e-09 9.995e-10
2024 1e-09 9.995e-10
2026 2e-09 1.4128e-09
2032 1e-09 9.995e-10
2038 1e-09 9.995e-10
2040 1e-09 9.995e-10
2048 2e-09 1.4128e-09
2050 1e-09 9.995e-10
2054 1e-09 9.995e-10
2060 1e-09 9.995e-10
2062 1e-09 9.995e-10
2064 1e-09 9.995e-10
2066 2e-09 1.4128e-09
2074 2e-09 1.4128e-09
2076 1e-09 9.995e-10
2078 1e-09 9.995e-10
2080 1e-09 9.995e-10
2086 3e-09 1.72945e-09
2088 1e-09 9.995e-10
2092 2e-09 1.4128e-09
2096 1e-09 9.995e-10
2098 2e-09 1.4128e-09
2106 1e-09 9.995e-10
2108 1e-09 9.995e-10
2110 1e-09 9.995e-10
2114 1e-09 9.995e-10
2124 2e-09 1.4128e-09
2126 1e-09 9.995e-10
2132 1e-09 9.995e-10
2136 2e-09 1.4128e-09
2138 1e-09 9.995e-10
2142 2e-09 1.4128e-09
2144 1e-09 9.995e-10
2148 1e-09 9.995e-10
2152 2e-09 1.4128e-09
2154 2e-09 1.4128e-09
2156 1e-09 9.995e-10
2160 1e-09 9.995e-10
2162 2e-09 1.4128e-09
2164 1e-09 9.995e-10
2168 1e-09 9.995e-10
2174 2e-09 1.4128e-09
2178 1e-09 9.995e-10
2180 4e-09 1.996e-09
2182 1e-09 9.995e-10
2186 1e-09 9.995e-10
2198 2e-09 1.4128e-09
2200 1e-09 9.995e-10
2208 1e-09 9.995e-10
2212 1e-09 9.995e-10
2214 1e-09 9.995e-10
2216 1e-09 9.995e-10
2222 1e-09 9.995e-10
2226 1e-09 9.995e-10
2230 1e-09 9.995e-10
2232 1e-09 9.995e-10
2234 3e-09 1.72945e-09
2244 3e-09 1.72945e-09
2246 1e-09 9.995e-10
2254 2e-09 1.4128e-09
2256 1e-09 9.995e-10
2260 1e-09 9.995e-10
2264 1e-09 9.995e-10
2266 1e-09 9.995e-10
2268 1e-09 9.995e-10
2278 1e-09 9.995e-10
2286 1e-09 9.995e-10
2290 2e-09 1.4128e-09
2292 1e-09 9.995e-10
2294 2e-09 1.4128e-09
2296 1e-09 9.995e-10
2304 2e-09 1.4128e-09
2308 1e-09 9.995e-10
2318 1e-09 9.995e-10
2322 1e-09 9.995e-10
2328 1e-09 9.995e-10
2330 1e-09 9.995e-10
2332 2e-09 1.4128e-09
2334 1e-09 9.995e-10
2338 3e-09 1.72945e-09
2340 3e-09 1.72945e-09
2342 1e-09 9.995e-10
2352 1e-09 9.995e-10
2354 1e-09 9.995e-10
2362 2e-09 1.4128e-09
2380 2e-09 1.4128e-09
2382 1e-09 9.995e-10
2392 1e-09 9.995e-10
2398 1e-09 9.995e-10
2400 1e-09 9.995e-10
2402 2e-09 1.4128e-09
2406 1e-09 9.995e-10
2408 2e-09 1.4128e-09
2412 2e-09 1.4128e-09
2420 1e-09 9.995e-10
2422 1e-09 9.995e-10
2428 1e-09 9.995e-10
2432 1e-09 9.995e-10
2436 1e-09 9.995e-10
2440 1e-09 9.995e-10
2444 1e-09 9.995e-10
2458 2e-09 1.4128e-09
2464 1e-09 9.995e-10
2466 1e-09 9.995e-10
2468 1e-09 9.995e-10
2470 1e-09 9.995e-10
2474 2e-09 1.4128e-09
2478 3e-09 1.72945e-09
2482 1e-09 9.995e-10
2484 1e-09 9.995e-10
2486 2e-09 1.4128e-09
2488 1e-09 9.995e-10
2494 2e-09 1.4128e-09
2496 1e-09 9.995e-10
2500 4e-09 1.996e-09
2504 2e-09 1.4128e-09
2510 2e-09 1.4128e-09
2516 1e-09 9.995e-10
2528 1e-09 9.995e-10
2530 1e-09 9.995e-10
2532 1e-09 9.995e-10
2534 1e-09 9.995e-10
2536 2e-09 1.4128e-09
2538 1e-09 9.995e-10
2540 1e-09 9.995e-10
2554 1e-09 9.995e-10
2562 1e-09 9.995e-10
2566 1e-09 9.995e-10
2568 2e-09 1.4128e-09
2570 1e-09 9.995e-10
2574 1e-09 9.995e-10
2580 2e-09 1.4128e-09
2582 1e-09 9.995e-10
2584 1e-09 9.995e-10
2586 1e-09 9.995e-10
2596 1e-09 9.995e-10
2602 1e-09 9.995e-10
2604 2e-09 1.4128e-09
2620 1e-09 9.995e-10
2622 1e-09 9.995e-10
2624 2e-09 1.4128e-09
2626 1e-09 9.995e-10
2634 1e-09 9.995e-10
2640 1e-09 9.995e-10
2646 2e-09 1.4128e-09
2658 1e-09 9.995e-10
2664 1e-09 9.995e-10
2666 2e-09 1.4128e-09
2668 1e-09 9.995e-10
2672 1e-09 9.995e-10
2674 2e-09 1.4128e-09
2678 1e-09 9.995e-10
2680 1e-09 9.995e-10
2692 1e-09 9.995e-10
2694 2e-09 1.4128e-09
2700 1e-09 9.995e-10
2702 1e-09 9.995e-10
2706 1e-09 9.995e-10
2708 1e-09 9.995e-10
2710 1e-09 9.995e-10
2714 1e-09 9.995e-10
2718 1e-09 9.995e-10
2728 1e-09 9.995e-10
2730 1e-09 9.995e-10
2738 1e-09 9.995e-10
2750 1e-09 9.995e-10
2754 1e-09 9.995e-10
2764 1e-09 9.995e-10
2774 1e-09 9.995e-10
2778 2e-09 1.4128e-09
2780 1e-09 9.995e-10
2782 1e-09 9.995e-10
2786 1e-09 9.995e-10
2788 1e-09 9.995e-10
2794 1e-09 9.995e-10
2800 1e-09 9.995e-10
2808 1e-09 9.995e-10
2810 1e-09 9.995e-10
2812 1e-09 9.995e-10
2816 1e-09 9.995e-10
2820 2e-09 1.4128e-09
2830 1e-09 9.995e-10
2836 2e-09 1.4128e-09
2838 1e-09 9.995e-10
2878 1e-09 9.995e-10
2886 1e-09 9.995e-10
2890 1e-09 9.995e-10
2898 1e-09 9.995e-10
2900 3e-09 1.72945e-09
2914 1e-09 9.995e-10
2918 1e-09 9.995e-10
2922 1e-09 9.995e-10
2924 2e-09 1.4128e-09
2938 1e-09 9.995e-10
2940 2e-09 1.4128e-09
2946 1e-09 9.995e-10
2948 2e-09 1.4128e-09
2956 1e-09 9.995e-10
2958 1e-09 9.995e-10
2960 3e-09 1.72945e-09
2966 1e-09 9.995e-10
2968 1e-09 9.995e-10
2970 1e-09 9.995e-10
2976 2e-09 1.4128e-09
2982 1e-09 9.995e-10
2988 2e-09 1.4128e-09
2996 3e-09 1.72945e-09
2998 2e-09 1.4128e-09
3018 1e-09 9.995e-10
3024 1e-09 9.995e-10
3026 1e-09 9.995e-10
3028 1e-09 9.995e-10
3032 2e-09 1.4128e-09
3038 1e-09 9.995e-10
3044 1e-09 9.995e-10
3046 1e-09 9.995e-10
3050 2e-09 1.4128e-09
3056 1e-09 9.995e-10
3062 1e-09 9.995e-10
3072 2e-09 1.4128e-09
3076 1e-09 9.995e-10
3080 1e-09 9.995e-10
3086 1e-09 9.995e-10
3098 1e-09 9.995e-10
3100 2e-09 1.4128e-09
3102 1e-09 9.995e-10
3114 3e-09 1.72945e-09
3116 1e-09 9.995e-10
3124 1e-09 9.995e-10
3140 1e-09 9.995e-10
3144 1e-09 9.995e-10
3156 1e-09 9.995e-10
3162 1e-09 9.995e-10
3166 1e-09 9.995e-10
3174 1e-09 9.995e-10
3178 1e-09 9.995e-10
3182 1e-09 9.995e-10
3188 1e-09 9.995e-10
3190 1e-09 9.995e-10
3192 1e-09 9.995e-10
3196 1e-09 9.995e-10
3202 1e-09 9.995e-10
3208 1e-09 9.995e-10
3216 1e-09 9.995e-10
3218 1e-09 9.995e-10
3220 1e-09 9.995e-10
3228 1e-09 9.995e-10
3230 1e-09 9.995e-10
3232 1e-09 9.995e-10
3250 1e-09 9.995e-10
3262 1e-09 9.995e-10
3266 1e-09 9.995e-10
3268 1e-09 9.995e-10
3274 1e-09 9.995e-10
3280 1e-09 9.995e-10
3282 1e-09 9.995e-10
3294 1e-09 9.995e-10
3298 1e-09 9.995e-10
3304 1e-09 9.995e-10
3316 1e-09 9.995e-10
3342 2e-09 1.4128e-09
3344 1e-09 9.995e-10
3352 1e-09 9.995e-10
3354 1e-09 9.995e-10
3360 1e-09 9.995e-10
3374 1e-09 9.995e-10
3376 1e-09 9.995e-10
3384 1e-09 9.995e-10
3390 1e-09 9.995e-10
3394 1e-09 9.995e-10
3414 1e-09 9.995e-10
3440 1e-09 9.995e-10
3444 1e-09 9.995e-10
3448 1e-09 9.995e-10
3450 1e-09 9.995e-10
3454 1e-09 9.995e-10
3456 1e-09 9.995e-10
3462 1e-09 9.995e-10
3468 1e-09 9.995e-10
3472 1e-09 9.995e-10
3482 1e-09 9.995e-10
3484 1e-09 9.995e-10
3488 1e-09 9.995e-10
3500 1e-09 9.995e-10
3512 1e-09 9.995e-10
3532 1e-09 9.995e-10
3538 1e-09 9.995e-10
3544 1e-09 9.995e-10
3552 1e-09 9.995e-10
3566 1e-09 9.995e-10
3574 1e-09 9.995e-10
3580 1e-09 9.995e-10
3590 1e-09 9.995e-10
3596 1e-09 9.995e-10
3602 1e-09 9.995e-10
3622 1e-09 9.995e-10
3624 1e-09 9.995e-10
3638 1e-09 9.995e-10
3640 1e-09 9.995e-10
3646 1e-09 9.995e-10
3650 1e-09 9.995e-10
3656 1e-09 9.995e-10
3662 1e-09 9.995e-10
3678 1e-09 9.995e-10
3682 2e-09 1.4128e-09
3684 1e-09 9.995e-10
3704 2e-09 1.4128e-09
3708 1e-09 9.995e-10
3710 2e-09 1.4128e-09
3716 1e-09 9.995e-10
3726 1e-09 9.995e-10
3732 1e-09 9.995e-10
3746 1e-09 9.995e-10
3748 1e-09 9.995e-10
3752 1e-09 9.995e-10
3762 1e-09 9.995e-10
3770 1e-09 9.995e-10
3780 1e-09 9.995e-10
3782 1e-09 9.995e-10
3786 1e-09 9.995e-10
3800 1e-09 9.995e-10
3802 2e-09 1.4128e-09
3806 1e-09 9.995e-10
3814 1e-09 9.995e-10
3824 1e-09 9.995e-10
3826 1e-09 9.995e-10
3832 2e-09 1.4128e-09
3834 1e-09 9.995e-10
3838 1e-09 9.995e-10
3848 1e-09 9.995e-10
3850 2e-09 1.4128e-09
3856 1e-09 9.995e-10
3876 1e-09 9.995e-10
3878 1e-09 9.995e-10
3888 1e-09 9.995e-10
3898 1e-09 9.995e-10
3904 1e-09 9.995e-10
3908 1e-09 9.995e-10
3938 2e-09 1.4128e-09
3944 1e-09 9.995e-10
3948 1e-09 9.995e-10
3954 1e-09 9.995e-10
3956 2e-09 1.4128e-09
3960 1e-09 9.995e-10
3970 1e-09 9.995e-10
3974 1e-09 9.995e-10
3984 2e-09 1.4128e-09
3994 2e-09 1.4128e-09
4000 1e-09 9.995e-10
4004 1e-09 9.995e-10
4010 1e-09 9.995e-10
4014 2e-09 1.4128e-09
4020 1e-09 9.995e-10
4028 1e-09 9.995e-10
4030 1e-09 9.995e-10
4034 1e-09 9.995e-10
4042 2e-09 1.4128e-09
4072 1e-09 9.995e-10
4078 1e-09 9.995e-10
4088 1e-09 9.995e-10
4094 1e-09 9.995e-10
4098 2e-09 1.4128e-09
4100 1e-09 9.995e-10
4102 1e-09 9.995e-10
4136 1e-09 9.995e-10
4170 1e-09 9.995e-10
4196 1e-09 9.995e-10
4198 1e-09 9.995e-10
4202 1e-09 9.995e-10
4204 1e-09 9.995e-10
4214 1e-09 9.995e-10
4226 1e-09 9.995e-10
4234 1e-09 9.995e-10
4236 1e-09 9.995e-10
4254 1e-09 9.995e-10
4256 1e-09 9.995e-10
4260 1e-09 9.995e-10
4262 1e-09 9.995e-10
4270 1e-09 9.995e-10
4272 2e-09 1.4128e-09
4288 1e-09 9.995e-10
4300 3e-09 1.72945e-09
4302 2e-09 1.4128e-09
4308 2e-09 1.4128e-09
4314 1e-09 9.995e-10
4324 1e-09 9.995e-10
4336 1e-09 9.995e-10
4346 1e-09 9.995e-10
4356 1e-09 9.995e-10
4366 1e-09 9.995e-10
4368 1e-09 9.995e-10
4382 1e-09 9.995e-10
4412 1e-09 9.995e-10
4422 1e-09 9.995e-10
4426 1e-09 9.995e-10
4428 2e-09 1.4128e-09
4432 1e-09 9.995e-10
4434 2e-09 1.4128e-09
4438 1e-09 9.995e-10
4440 2e-09 1.4128e-09
4448 1e-09 9.995e-10
4452 1e-09 9.995e-10
4456 2e-09 1.4128e-09
4458 1e-09 9.995e-10
4466 2e-09 1.4128e-09
4468 1e-09 9.995e-10
4500 2e-09 1.4128e-09
4504 2e-09 1.4128e-09
4506 1e-09 9.995e-10
4524 1e-09 9.995e-10
4528 1e-09 9.995e-10
4534 1e-09 9.995e-10
4552 1e-09 9.995e-10
4586 1e-09 9.995e-10
4594 1e-09 9.995e-10
4600 1e-09 9.995e-10
4612 2e-09 1.4128e-09
4620 1e-09 9.995e-10
4628 1e-09 9.995e-10
4640 1e-09 9.995e-10
4642 1e-09 9.995e-10
4644 1e-09 9.995e-10
4654 1e-09 9.995e-10
4662 1e-09 9.995e-10
4672 1e-09 9.995e-10
4674 1e-09 9.995e-10
4678 1e-09 9.995e-10
4704 1e-09 9.995e-10
4714 1e-09 9.995e-10
4716 1e-09 9.995e-10
4732 1e-09 9.995e-10
4742 1e-09 9.995e-10
4744 1e-09 9.995e-10
4752 1e-09 9.995e-10
4764 1e-09 9.995e-10
4776 1e-09 9.995e-10
4778 1e-09 9.995e-10
4790 2e-09 1.4128e-09
4792 1e-09 9.995e-10
4804 1e-09 9.995e-10
4812 1e-09 9.995e-10
4822 1e-09 9.995e-10
4824 1e-09 9.995e-10
4826 1e-09 9.995e-10
4830 1e-09 9.995e-10
4838 1e-09 9.995e-10
4848 1e-09 9.995e-10
4864 1e-09 9.995e-10
4872 1e-09 9.995e-10
4878 1e-09 9.995e-10
4882 1e-09 9.995e-10
4884 2e-09 1.4128e-09
4890 1e-09 9.995e-10
4902 1e-09 9.995e-10
4908 1e-09 9.995e-10
4912 1e-09 9.995e-10
4934 1e-09 9.995e-10
4936 1e-09 9.995e-10
4940 1e-09 9.995e-10
4942 1e-09 9.995e-10
4946 1e-09 9.995e-10
4952 1e-09 9.995e-10
4970 1e-09 9.995e-10
5008 1e-09 9.995e-10
5010 1e-09 9.995e-10
5016 1e-09 9.995e-10
5020 1e-09 9.995e-10
5026 1e-09 9.995e-10
5042 1e-09 9.995e-10
5052 1e-09 9.995e-10
5064 1e-09 9.995e-10
5086 1e-09 9.995e-10
5088 1e-09 9.995e-10
5102 1e-09 9.995e-10
5112 1e-09 9.995e-10
5116 1e-09 9.995e-10
5142 1e-09 9.995e-10
5152 1e-09 9.995e-10
5174 2e-09 1.4128e-09
5178 1e-09 9.995e-10
5180 1e-09 9.995e-10
5190 1e-09 9.995e-10
5192 1e-09 9.995e-10
5198 1e-09 9.995e-10
5200 1e-09 9.995e-10
5222 1e-09 9.995e-10
5226 1e-09 9.995e-10
5246 1e-09 9.995e-10
5256 1e-09 9.995e-10
5264 1e-09 9.995e-10
5270 1e-09 9.995e-10
5284 1e-09 9.995e-10
5330 1e-09 9.995e-10
5342 1e-09 9.995e-10
5356 1e-09 9.995e-10
5374 1e-09 9.995e-10
5382 1e-09 9.995e-10
5390 1e-09 9.995e-10
5394 1e-09 9.995e-10
5404 1e-09 9.995e-10
5414 1e-09 9.995e-10
5434 1e-09 9.995e-10
5446 1e-09 9.995e-10
5448 2e-09 1.4128e-09
5462 1e-09 9.995e-10
5472 1e-09 9.995e-10
5486 1e-09 9.995e-10
5494 1e-09 9.995e-10
5496 1e-09 9.995e-10
5520 1e-09 9.995e-10
5528 1e-09 9.995e-10
5568 1e-09 9.995e-10
5572 2e-09 1.4128e-09
5586 1e-09 9.995e-10
5590 1e-09 9.995e-10
5592 1e-09 9.995e-10
5628 2e-09 1.4128e-09
5656 1e-09 9.995e-10
5666 1e-09 9.995e-10
5670 1e-09 9.995e-10
5688 2e-09 1.4128e-09
5694 1e-09 9.995e-10
5704 1e-09 9.995e-10
5714 1e-09 9.995e-10
5730 1e-09 9.995e-10
5734 1e-09 9.995e-10
5746 1e-09 9.995e-10
5748 2e-09 1.4128e-09
5766 1e-09 9.995e-10
5774 1e-09 9.995e-10
5784 1e-09 9.995e-10
5788 1e-09 9.995e-10
5800 1e-09 9.995e-10
5812 1e-09 9.995e-10
5814 1e-09 9.995e-10
5816 1e-09 9.995e-10
5834 1e-09 9.995e-10
5838 1e-09 9.995e-10
5846 1e-09 9.995e-10
5848 2e-09 1.4128e-09
5850 1e-09 9.995e-10
5876 1e-09 9.995e-10
5902 1e-09 9.995e-10
5912 2e-09 1.4128e-09
5936 1e-09 9.995e-10
5938 1e-09 9.995e-10
5940 1e-09 9.995e-10
5946 1e-09 9.995e-10
5960 1e-09 9.995e-10
5984 1e-09 9.995e-10
5992 1e-09 9.995e-10
5996 1e-09 9.995e-10
6000 1e-09 9.995e-10
6006 1e-09 9.995e-10
6014 1e-09 9.995e-10
6016 1e-09 9.995e-10
6040 1e-09 9.995e-10
6042 2e-09 1.4128e-09
6044 1e-09 9.995e-10
6052 1e-09 9.995e-10
6062 1e-09 9.995e-10
6076 1e-09 9.995e-10
6090 1e-09 9.995e-10
6116 1e-09 9.995e-10
6122 1e-09 9.995e-10
6124 1e-09 9.995e-10
6128 1e-09 9.995e-10
6130 1e-09 9.995e-10
6146 1e-09 9.995e-10
6150 1e-09 9.995e-10
6152 1e-09 9.995e-10
6172 1e-09 9.995e-10
6178 1e-09 9.995e-10
6194 1e-09 9.995e-10
6208 1e-09 9.995e-10
6224 1e-09 9.995e-10
6248 1e-09 9.995e-10
6250 1e-09 9.995e-10
6296 1e-09 9.995e-10
6300 1e-09 9.995e-10
6308 1e-09 9.995e-10
6316 1e-09 9.995e-10
6344 1e-09 9.995e-10
6358 1e-09 9.995e-10
6374 1e-09 9.995e-10
6378 1e-09 9.995e-10
6382 1e-09 9.995e-10
6400 1e-09 9.995e-10
6422 1e-09 9.995e-10
6428 1e-09 9.995e-10
6438 1e-09 9.995e-10
6444 1e-09 9.995e-10
6446 1e-09 9.995e-10
6452 1e-09 9.995e-10
6470 1e-09 9.995e-10
6486 1e-09 9.995e-10
6506 1e-09 9.995e-10
6508 1e-09 9.995e-10
6510 2e-09 1.4128e-09
6514 1e-09 9.995e-10
6528 2e-09 1.4128e-09
6546 1e-09 9.995e-10
6580 1e-09 9.995e-10
6584 1e-09 9.995e-10
6620 2e-09 1.4128e-09
6622 1e-09 9.995e-10
6646 1e-09 9.995e-10
6656 1e-09 9.995e-10
6686 1e-09 9.995e-10
6688 1e-09 9.995e-10
6718 1e-09 9.995e-10
6734 1e-09 9.995e-10
6738 1e-09 9.995e-10
6750 1e-09 9.995e-10
6766 1e-09 9.995e-10
6768 1e-09 9.995e-10
6770 1e-09 9.995e-10
6774 1e-09 9.995e-10
6778 1e-09 9.995e-10
6780 1e-09 9.995e-10
6802 1e-09 9.995e-10
6804 1e-09 9.995e-10
6850 1e-09 9.995e-10
6856 1e-09 9.995e-10
6862 1e-09 9.995e-10
6878 1e-09 9.995e-10
6882 1e-09 9.995e-10
6916 1e-09 9.995e-10
6940 1e-09 9.995e-10
6954 1e-09 9.995e-10
6968 1e-09 9.995e-10
6972 1e-09 9.995e-10
6988 1e-09 9.995e-10
7032 1e-09 9.995e-10
7034 1e-09 9.995e-10
7040 1e-09 9.995e-10
7052 1e-09 9.995e-10
7056 1e-09 9.995e-10
7062 1e-09 9.995e-10
7064 1e-09 9.995e-10
7078 1e-09 9.995e-10
7092 1e-09 9.995e-10
7098 1e-09 9.995e-10
7106 2e-09 1.4128e-09
7122 2e-09 1.4128e-09
7162 1e-09 9.995e-10
7174 1e-09 9.995e-10
7182 1e-09 9.995e-10
7184 1e-09 9.995e-10
7194 1e-09 9.995e-10
7198 1e-09 9.995e-10
7200 1e-09 9.995e-10
7246 1e-09 9.995e-10
7248 2e-09 1.4128e-09
7302 2e-09 1.4128e-09
7328 1e-09 9.995e-10
7340 1e-09 9.995e-10
7342 1e-09 9.995e-10
7348 1e-09 9.995e-10
7378 1e-09 9.995e-10
7390 1e-09 9.995e-10
7402 1e-09 9.995e-10
7430 2e-09 1.4128e-09
7452 2e-09 1.4128e-09
7454 1e-09 9.995e-10
7470 1e-09 9.995e-10
7488 1e-09 9.995e-10
7496 1e-09 9.995e-10
7532 1e-09 9.995e-10
7564 1e-09 9.995e-10
7588 1e-09 9.995e-10
7590 1e-09 9.995e-10
7596 1e-09 9.995e-10
7612 1e-09 9.995e-10
7614 1e-09 9.995e-10
7628 1e-09 9.995e-10
7634 1e-09 9.995e-10
7642 1e-09 9.995e-10
7656 1e-09 9.995e-10
7678 1e-09 9.995e-10
7702 2e-09 1.4128e-09
7728 1e-09 9.995e-10
7750 1e-09 9.995e-10
7752 1e-09 9.995e-10
7764 1e-09 9.995e-10
7798 1e-09 9.995e-10
7806 2e-09 1.4128e-09
7808 2e-09 1.4128e-09
7826 1e-09 9.995e-10
7884 1e-09 9.995e-10
7896 1e-09 9.995e-10
7906 1e-09 9.995e-10
7914 1e-09 9.995e-10
7918 1e-09 9.995e-10
7930 1e-09 9.995e-10
7952 1e-09 9.995e-10
8016 1e-09 9.995e-10
8026 1e-09 9.995e-10
8030 2e-09 1.4128e-09
8036 1e-09 9.995e-10
8076 1e-09 9.995e-10
8086 1e-09 9.995e-10
8120 1e-09 9.995e-10
8128 2e-09 1.4128e-09
8142 1e-09 9.995e-10
8192 1e-09 9.995e-10
8194 1e-09 9.995e-10
8196 2e-09 1.4128e-09
8218 1e-09 9.995e-10
8222 1e-09 9.995e-10
8258 1e-09 9.995e-10
8270 1e-09 9.995e-10
8314 1e-09 9.995e-10
8320 1e-09 9.995e-10
8326 1e-09 9.995e-10
8348 1e-09 9.995e-10
8352 2e-09 1.4128e-09
8380 1e-09 9.995e-10
8394 1e-09 9.995e-10
8470 1e-09 9.995e-10
8474 2e-09 1.4128e-09
8492 1e-09 9.995e-10
8528 1e-09 9.995e-10
8542 1e-09 9.995e-10
8576 1e-09 9.995e-10
8596 1e-09 9.995e-10
8608 1e-09 9.995e-10
8622 1e-09 9.995e-10
8642 2e-09 1.4128e-09
8678 1e-09 9.995e-10
8686 1e-09 9.995e-10
8710 1e-09 9.995e-10
8720 1e-09 9.995e-10
8768 1e-09 9.995e-10
8784 1e-09 9.995e-10
8802 1e-09 9.995e-10
8820 2e-09 1.4128e-09
8830 1e-09 9.995e-10
8836 1e-09 9.995e-10
8846 1e-09 9.995e-10
8848 1e-09 9.995e-10
8858 1e-09 9.995e-10
8904 1e-09 9.995e-10
8906 1e-09 9.995e-10
8908 1e-09 9.995e-10
8936 1e-09 9.995e-10
8954 1e-09 9.995e-10
8956 1e-09 9.995e-10
8988 1e-09 9.995e-10
8992 1e-09 9.995e-10
9002 1e-09 9.995e-10
9020 2e-09 1.4128e-09
9038 1e-09 9.995e-10
9046 1e-09 9.995e-10
9094 1e-09 9.995e-10
9144 1e-09 9.995e-10
9198 1e-09 9.995e-10
9232 1e-09 9.995e-10
9238 1e-09 9.995e-10
9250 1e-09 9.995e-10
9264 2e-09 1.4128e-09
9276 2e-09 1.4128e-09
9298 1e-09 9.995e-10
9312 2e-09 1.4128e-09
9316 1e-09 9.995e-10
9328 1e-09 9.995e-10
9410 2e-09 1.4128e-09
9442 1e-09 9.995e-10
9470 1e-09 9.995e-10
9474 1e-09 9.995e-10
9494 1e-09 9.995e-10
9508 1e-09 9.995e-10
9532 1e-09 9.995e-10
9542 1e-09 9.995e-10
9586 1e-09 9.995e-10
9596 1e-09 9.995e-10
9604 1e-09 9.995e-10
9618 1e-09 9.995e-10
9624 1e-09 9.995e-10
9626 1e-09 9.995e-10
9628 1e-09 9.995e-10
9656 1e-09 9.995e-10
9664 1e-09 9.995e-10
9666 1e-09 9.995e-10
9682 1e-09 9.995e-10
9706 1e-09 9.995e-10
9716 1e-09 9.995e-10
9720 1e-09 9.995e-10
9724 2e-09 1.4128e-09
9726 1e-09 9.995e-10
9758 1e-09 9.995e-10
9766 1e-09 9.995e-10
9770 1e-09 9.995e-10
9780 1e-09 9.995e-10
9798 1e-09 9.995e-10
9802 1e-09 9.995e-10
9898 1e-09 9.995e-10
9906 1e-09 9.995e-10
9956 1e-09 9.995e-10
9962 1e-09 9.995e-10
10018 1e-09 9.995e-10
10034 1e-09 9.995e-10
10048 1e-09 9.995e-10
10066 1e-09 9.995e-10
10130 1e-09 9.995e-10
10150 1e-09 9.995e-10
10164 1e-09 9.995e-10
10172 1e-09 9.995e-10
10180 1e-09 9.995e-10
10200 1e-09 9.995e-10
10212 1e-09 9.995e-10
10238 1e-09 9.995e-10
10240 1e-09 9.995e-10
10244 1e-09 9.995e-10
10250 1e-09 9.995e-10
10252 1e-09 9.995e-10
10272 1e-09 9.995e-10
10296 1e-09 9.995e-10
10346 1e-09 9.995e-10
10358 2e-09 1.4128e-09
10360 1e-09 9.995e-10
10372 1e-09 9.995e-10
10410 1e-09 9.995e-10
10456 1e-09 9.995e-10
10474 1e-09 9.995e-10
10494 3e-09 1.72945e-09
10498 1e-09 9.995e-10
10518 1e-09 9.995e-10
10530 1e-09 9.995e-10
10566 1e-09 9.995e-10
10578 1e-09 9.995e-10
10624 1e-09 9.995e-10
10628 1e-09 9.995e-10
10650 1e-09 9.995e-10
10658 1e-09 9.995e-10
10702 1e-09 9.995e-10
10716 2e-09 1.4128e-09
10728 1e-09 9.995e-10
10758 1e-09 9.995e-10
10770 1e-09 9.995e-10
10824 1e-09 9.995e-10
10866 1e-09 9.995e-10
10892 1e-09 9.995e-10
10924 1e-09 9.995e-10
10930 1e-09 9.995e-10
10952 1e-09 9.995e-10
10966 1e-09 9.995e-10
10976 2e-09 1.4128e-09
10990 1e-09 9.995e-10
10992 1e-09 9.995e-10
11002 1e-09 9.995e-10
11012 1e-09 9.995e-10
11024 1e-09 9.995e-10
11072 1e-09 9.995e-10
11110 1e-09 9.995e-10
11132 1e-09 9.995e-10
11144 1e-09 9.995e-10
11166 1e-09 9.995e-10
11198 1e-09 9.995e-10
11204 1e-09 9.995e-10
11270 1e-09 9.995e-10
11278 1e-09 9.995e-10
11326 1e-09 9.995e-10
11338 1e-09 9.995e-10
11370 1e-09 9.995e-10
11372 1e-09 9.995e-10
11378 1e-09 9.995e-10
11386 1e-09 9.995e-10
11408 1e-09 9.995e-10
11416 1e-09 9.995e-10
11436 1e-09 9.995e-10
11448 1e-09 9.995e-10
11472 1e-09 9.995e-10
11480 1e-09 9.995e-10
11482 1e-09 9.995e-10
11522 1e-09 9.995e-10
11540 1e-09 9.995e-10
11550 1e-09 9.995e-10
11588 1e-09 9.995e-10
11600 1e-09 9.995e-10
11604 1e-09 9.995e-10
11654 1e-09 9.995e-10
11664 1e-09 9.995e-10
11672 1e-09 9.995e-10
11676 1e-09 9.995e-10
11688 1e-09 9.995e-10
11700 1e-09 9.995e-10
11716 1e-09 9.995e-10
11720 1e-09 9.995e-10
11806 1e-09 9.995e-10
11830 1e-09 9.995e-10
11852 1e-09 9.995e-10
11898 1e-09 9.995e-10
11906 1e-09 9.995e-10
11962 1e-09 9.995e-10
12010 1e-09 9.995e-10
12034 1e-09 9.995e-10
12066 1e-09 9.995e-10
12090 1e-09 9.995e-10
12116 1e-09 9.995e-10
12144 2e-09 1.4128e-09
12160 1e-09 9.995e-10
12166 1e-09 9.995e-10
12182 1e-09 9.995e-10
12202 1e-09 9.995e-10
12216 1e-09 9.995e-10
12230 1e-09 9.995e-10
12276 1e-09 9.995e-10
12280 1e-09 9.995e-10
12296 1e-09 9.995e-10
12318 1e-09 9.995e-10
12332 1e-09 9.995e-10
12350 1e-09 9.995e-10
12364 1e-09 9.995e-10
12390 1e-09 9.995e-10
12416 1e-09 9.995e-10
12446 1e-09 9.995e-10
12474 1e-09 9.995e-10
12500 1e-09 9.995e-10
12522 1e-09 9.995e-10
12542 1e-09 9.995e-10
12582 1e-09 9.995e-10
12584 1e-09 9.995e-10
12616 1e-09 9.995e-10
12650 1e-09 9.995e-10
12664 1e-09 9.995e-10
12694 1e-09 9.995e-10
12718 1e-09 9.995e-10
12724 1e-09 9.995e-10
12736 1e-09 9.995e-10
12778 1e-09 9.995e-10
12798 1e-09 9.995e-10
12806 1e-09 9.995e-10
12836 1e-09 9.995e-10
12910 1e-09 9.995e-10
12916 1e-09 9.995e-10
12930 1e-09 9.995e-10
12940 1e-09 9.995e-10
12944 1e-09 9.995e-10
12972 1e-09 9.995e-10
13092 1e-09 9.995e-10
13106 1e-09 9.995e-10
13128 1e-09 9.995e-10
13190 1e-09 9.995e-10
13202 1e-09 9.995e-10
13230 1e-09 9.995e-10
13236 1e-09 9.995e-10
13242 1e-09 9.995e-10
13272 1e-09 9.995e-10
13294 1e-09 9.995e-10
13308 1e-09 9.995e-10
13366 1e-09 9.995e-10
13384 2e-09 1.4128e-09
13468 1e-09 9.995e-10
13484 1e-09 9.995e-10
13492 1e-09 9.995e-10
13538 1e-09 9.995e-10
13560 1e-09 9.995e-10
13592 1e-09 9.995e-10
13594 1e-09 9.995e-10
13630 1e-09 9.995e-10
13702 1e-09 9.995e-10
13734 1e-09 9.995e-10
13874 1e-09 9.995e-10
13884 1e-09 9.995e-10
13886 1e-09 9.995e-10
13908 1e-09 9.995e-10
13926 1e-09 9.995e-10
13930 1e-09 9.995e-10
13958 1e-09 9.995e-10
14004 1e-09 9.995e-10
14038 1e-09 9.995e-10
14044 1e-09 9.995e-10
14046 1e-09 9.995e-10
14142 1e-09 9.995e-10
14164 1e-09 9.995e-10
14204 1e-09 9.995e-10
14210 1e-09 9.995e-10
14224 1e-09 9.995e-10
14258 1e-09 9.995e-10
14306 1e-09 9.995e-10
14378 2e-09 1.4128e-09
14438 1e-09 9.995e-10
14466 1e-09 9.995e-10
14478 1e-09 9.995e-10
14532 1e-09 9.995e-10
14556 1e-09 9.995e-10
14558 1e-09 9.995e-10
14616 1e-09 9.995e-10
14622 1e-09 9.995e-10
14678 1e-09 9.995e-10
14684 1e-09 9.995e-10
14712 1e-09 9.995e-10
14730 1e-09 9.995e-10
14766 1e-09 9.995e-10
14788 1e-09 9.995e-10
14800 1e-09 9.995e-10
14822 1e-09 9.995e-10
14868 1e-09 9.995e-10
14934 1e-09 9.995e-10
14936 1e-09 9.995e-10
14950 1e-09 9.995e-10
14962 1e-09 9.995e-10
15022 1e-09 9.995e-10
15064 2e-09 1.4128e-09
15136 1e-09 9.995e-10
15138 1e-09 9.995e-10
15150 1e-09 9.995e-10
15194 1e-09 9.995e-10
15252 1e-09 9.995e-10
15294 1e-09 9.995e-10
15316 1e-09 9.995e-10
15326 1e-09 9.995e-10
15334 1e-09 9.995e-10
15390 1e-09 9.995e-10
15410 1e-09 9.995e-10
15426 1e-09 9.995e-10
15458 1e-09 9.995e-10
15466 2e-09 1.4128e-09
15548 1e-09 9.995e-10
15584 1e-09 9.995e-10
15590 1e-09 9.995e-10
15596 1e-09 9.995e-10
15618 1e-09 9.995e-10
15624 1e-09 9.995e-10
15670 1e-09 9.995e-10
15682 1e-09 9.995e-10
15714 1e-09 9.995e-10
15794 1e-09 9.995e-10
15796 1e-09 9.995e-10
15868 1e-09 9.995e-10
15870 1e-09 9.995e-10
15892 1e-09 9.995e-10
15956 1e-09 9.995e-10
15982 1e-09 9.995e-10
16022 1e-09 9.995e-10
16048 1e-09 9.995e-10
16150 1e-09 9.995e-10
16178 1e-09 9.995e-10
16262 1e-09 9.995e-10
16288 1e-09 9.995e-10
16296 1e-09 9.995e-10
16322 1e-09 9.995e-10
16358 1e-09 9.995e-10
16360 1e-09 9.995e-10
16362 1e-09 9.995e-10
16370 1e-09 9.995e-10
16448 1e-09 9.995e-10
16484 1e-09 9.995e-10
16632 1e-09 9.995e-10
16652 1e-09 9.995e-10
16674 1e-09 9.995e-10
16692 1e-09 9.995e-10
16740 1e-09 9.995e-10
16824 1e-09 9.995e-10
16830 1e-09 9.995e-10
16860 1e-09 9.995e-10
16934 1e-09 9.995e-10
16952 1e-09 9.995e-10
17002 1e-09 9.995e-10
17124 1e-09 9.995e-10
17206 1e-09 9.995e-10
17236 1e-09 9.995e-10
17268 1e-09 9.995e-10
17300 1e-09 9.995e-10
17302 1e-09 9.995e-10
17312 1e-09 9.995e-10
17374 1e-09 9.995e-10
17398 1e-09 9.995e-10
17432 1e-09 9.995e-10
17442 1e-09 9.995e-10
17486 1e-09 9.995e-10
17514 1e-09 9.995e-10
17600 1e-09 9.995e-10
17620 1e-09 9.995e-10
17628 1e-09 9.995e-10
17646 1e-09 9.995e-10
17648 1e-09 9.995e-10
17684 1e-09 9.995e-10
17744 1e-09 9.995e-10
17758 1e-09 9.995e-10
17852 1e-09 9.995e-10
17864 1e-09 9.995e-10
17878 1e-09 9.995e-10
17954 1e-09 9.995e-10
17998 1e-09 9.995e-10
18038 1e-09 9.995e-10
18088 1e-09 9.995e-10
18090 1e-09 9.995e-10
18144 1e-09 9.995e-10
18160 1e-09 9.995e-10
18186 1e-09 9.995e-10
18272 1e-09 9.995e-10
18384 1e-09 9.995e-10
18466 1e-09 9.995e-10
18500 1e-09 9.995e-10
18558 1e-09 9.995e-10
18634 1e-09 9.995e-10
18676 1e-09 9.995e-10
18698 1e-09 9.995e-10
18754 1e-09 9.995e-10
18838 1e-09 9.995e-10
18874 1e-09 9.995e-10
18902 1e-09 9.995e-10
18928 1e-09 9.995e-10
18956 1e-09 9.995e-10
18984 1e-09 9.995e-10
19002 1e-09 9.995e-10
19082 1e-09 9.995e-10
19086 1e-09 9.995e-10
19100 1e-09 9.995e-10
19102 1e-09 9.995e-10
19196 1e-09 9.995e-10
19230 1e-09 9.995e-10
19244 1e-09 9.995e-10
19258 2e-09 1.4128e-09
19302 1e-09 9.995e-10
19328 1e-09 9.995e-10
19350 1e-09 9.995e-10
19382 1e-09 9.995e-10
19430 1e-09 9.995e-10
19448 1e-09 9.995e-10
19560 1e-09 9.995e-10
19590 1e-09 9.995e-10
19598 1e-09 9.995e-10
19622 1e-09 9.995e-10
19624 1e-09 9.995e-10
19636 1e-09 9.995e-10
19682 1e-09 9.995e-10
19724 1e-09 9.995e-10
19784 1e-09 9.995e-10
19808 1e-09 9.995e-10
19874 1e-09 9.995e-10
20048 1e-09 9.995e-10
20064 1e-09 9.995e-10
20070 1e-09 9.995e-10
20072 1e-09 9.995e-10
20110 1e-09 9.995e-10
20116 1e-09 9.995e-10
20194 1e-09 9.995e-10
20250 1e-09 9.995e-10
20368 1e-09 9.995e-10
20402 1e-09 9.995e-10
20492 1e-09 9.995e-10
20584 1e-09 9.995e-10
20592 1e-09 9.995e-10
20622 1e-09 9.995e-10
20628 1e-09 9.995e-10
20714 1e-09 9.995e-10
20786 1e-09 9.995e-10
20822 1e-09 9.995e-10
20886 1e-09 9.995e-10
20916 1e-09 9.995e-10
20924 1e-09 9.995e-10
20926 1e-09 9.995e-10
21070 1e-09 9.995e-10
21092 1e-09 9.995e-10
21102 1e-09 9.995e-10
21228 1e-09 9.995e-10
21344 1e-09 9.995e-10
21346 1e-09 9.995e-10
21376 1e-09 9.995e-10
21424 1e-09 9.995e-10
21468 1e-09 9.995e-10
21494 1e-09 9.995e-10
21552 1e-09 9.995e-10
21590 1e-09 9.995e-10
21592 1e-09 9.995e-10
21640 1e-09 9.995e-10
21710 1e-09 9.995e-10
21776 1e-09 9.995e-10
21928 1e-09 9.995e-10
21948 1e-09 9.995e-10
21950 1e-09 9.995e-10
22020 1e-09 9.995e-10
22064 1e-09 9.995e-10
22070 1e-09 9.995e-10
22112 1e-09 9.995e-10
22264 1e-09 9.995e-10
22292 1e-09 9.995e-10
22316 1e-09 9.995e-10
22356 1e-09 9.995e-10
22442 1e-09 9.995e-10
22450 1e-09 9.995e-10
22490 1e-09 9.995e-10
22598 1e-09 9.995e-10
22606 1e-09 9.995e-10
22626 1e-09 9.995e-10
22630 1e-09 9.995e-10
22668 1e-09 9.995e-10
22698 1e-09 9.995e-10
22742 1e-09 9.995e-10
22770 1e-09 9.995e-10
22804 1e-09 9.995e-10
22894 1e-09 9.995e-10
22898 1e-09 9.995e-10
22916 1e-09 9.995e-10
22932 1e-09 9.995e-10
23012 1e-09 9.995e-10
23144 1e-09 9.995e-10
23738 1e-09 9.995e-10
23806 1e-09 9.995e-10
23854 1e-09 9.995e-10
23862 1e-09 9.995e-10
23916 1e-09 9.995e-10
23974 1e-09 9.995e-10
23986 1e-09 9.995e-10
24052 1e-09 9.995e-10
24124 1e-09 9.995e-10
24166 1e-09 9.995e-10
24198 1e-09 9.995e-10
24248 1e-09 9.995e-10
24262 1e-09 9.995e-10
24290 1e-09 9.995e-10
24292 1e-09 9.995e-10
24298 1e-09 9.995e-10
24306 1e-09 9.995e-10
24376 1e-09 9.995e-10
24392 1e-09 9.995e-10
24398 1e-09 9.995e-10
24414 1e-09 9.995e-10
24536 1e-09 9.995e-10
24590 1e-09 9.995e-10
24598 1e-09 9.995e-10
24792 1e-09 9.995e-10
24802 1e-09 9.995e-10
24814 1e-09 9.995e-10
24840 2e-09 1.4128e-09
24882 1e-09 9.995e-10
25026 1e-09 9.995e-10
25056 1e-09 9.995e-10
25160 1e-09 9.995e-10
25190 1e-09 9.995e-10
25212 1e-09 9.995e-10
25226 1e-09 9.995e-10
25318 1e-09 9.995e-10
25356 1e-09 9.995e-10
25522 1e-09 9.995e-10
25530 1e-09 9.995e-10
25542 1e-09 9.995e-10
25594 1e-09 9.995e-10
25604 1e-09 9.995e-10
25646 1e-09 9.995e-10
25650 1e-09 9.995e-10
25764 1e-09 9.995e-10
25818 1e-09 9.995e-10
25984 1e-09 9.995e-10
26146 1e-09 9.995e-10
26176 1e-09 9.995e-10
26306 1e-09 9.995e-10
26340 1e-09 9.995e-10
26350 1e-09 9.995e-10
26406 1e-09 9.995e-10
26470 1e-09 9.995e-10
26602 1e-09 9.995e-10
26642 1e-09 9.995e-10
26646 1e-09 9.995e-10
26728 1e-09 9.995e-10
26752 1e-09 9.995e-10
26926 1e-09 9.995e-10
27154 1e-09 9.995e-10
27206 1e-09 9.995e-10
27212 1e-09 9.995e-10
27222 1e-09 9.995e-10
27254 1e-09 9.995e-10
27318 1e-09 9.995e-10
27358 1e-09 9.995e-10
27686 1e-09 9.995e-10
27754 1e-09 9.995e-10
27836 1e-09 9.995e-10
27908 1e-09 9.995e-10
28004 1e-09 9.995e-10
28032 1e-09 9.995e-10
28138 1e-09 9.995e-10
28144 1e-09 9.995e-10
28204 1e-09 9.995e-10
28302 1e-09 9.995e-10
28322 1e-09 9.995e-10
28384 1e-09 9.995e-10
28460 1e-09 9.995e-10
28624 1e-09 9.995e-10
28648 1e-09 9.995e-10
28682 1e-09 9.995e-10
28752 1e-09 9.995e-10
28862 1e-09 9.995e-10
28876 1e-09 9.995e-10
28898 1e-09 9.995e-10
28906 1e-09 9.995e-10
28910 1e-09 9.995e-10
28936 1e-09 9.995e-10
28962 1e-09 9.995e-10
28974 2e-09 1.4128e-09
29000 1e-09 9.995e-10
29024 2e-09 1.4128e-09
29088 1e-09 9.995e-10
29202 1e-09 9.995e-10
29526 1e-09 9.995e-10
29544 1e-09 9.995e-10
29566 1e-09 9.995e-10
29678 1e-09 9.995e-10
29706 1e-09 9.995e-10
29826 1e-09 9.995e-10
29836 1e-09 9.995e-10
29912 1e-09 9.995e-10
30052 1e-09 9.995e-10
30064 1e-09 9.995e-10
30162 1e-09 9.995e-10
30188 1e-09 9.995e-10
30260 1e-09 9.995e-10
30316 1e-09 9.995e-10
30436 1e-09 9.995e-10
30452 1e-09 9.995e-10
30486 1e-09 9.995e-10
30496 1e-09 9.995e-10
30536 1e-09 9.995e-10
30680 1e-09 9.995e-10
30700 1e-09 9.995e-10
30850 1e-09 9.995e-10
30978 1e-09 9.995e-10
31050 1e-09 9.995e-10
31148 1e-09 9.995e-10
31226 1e-09 9.995e-10
31304 1e-09 9.995e-10
31364 1e-09 9.995e-10
31436 1e-09 9.995e-10
31464 1e-09 9.995e-10
31492 1e-09 9.995e-10
31632 1e-09 9.995e-10
31710 1e-09 9.995e-10
31852 1e-09 9.995e-10
31926 1e-09 9.995e-10
31944 1e-09 9.995e-10
31996 1e-09 9.995e-10
32034 1e-09 9.995e-10
32110 1e-09 9.995e-10
32158 1e-09 9.995e-10
32410 1e-09 9.995e-10
32418 1e-09 9.995e-10
32602 1e-09 9.995e-10
32648 1e-09 9.995e-10
32670 1e-09 9.995e-10
32724 1e-09 9.995e-10
32752 1e-09 9.995e-10
32798 1e-09 9.995e-10
32818 1e-09 9.995e-10
33056 1e-09 9.995e-10
33138 1e-09 9.995e-10
33236 1e-09 9.995e-10
33306 1e-09 9.995e-10
33328 1e-09 9.995e-10
33366 1e-09 9.995e-10
33434 1e-09 9.995e-10
33446 1e-09 9.995e-10
33602 2e-09 1.4128e-09
33626 1e-09 9.995e-10
33712 1e-09 9.995e-10
33758 1e-09 9.995e-10
33794 1e-09 9.995e-10
33850 1e-09 9.995e-10
33870 1e-09 9.995e-10
34160 1e-09 9.995e-10
34266 1e-09 9.995e-10
34368 1e-09 9.995e-10
34406 1e-09 9.995e-10
34528 1e-09 9.995e-10
34568 1e-09 9.995e-10
34712 1e-09 9.995e-10
34724 1e-09 9.995e-10
34800 1e-09 9.995e-10
34830 1e-09 9.995e-10
34842 1e-09 9.995e-10
34882 1e-09 9.995e-10
34888 1e-09 9.995e-10
34966 1e-09 9.995e-10
35000 1e-09 9.995e-10
35026 1e-09 9.995e-10
35104 1e-09 9.995e-10
35196 1e-09 9.995e-10
35204 1e-09 9.995e-10
35328 1e-09 9.995e-10
35334 1e-09 9.995e-10
35342 1e-09 9.995e-10
35406 1e-09 9.995e-10
35634 1e-09 9.995e-10
35802 1e-09 9.995e-10
35842 1e-09 9.995e-10
35912 1e-09 9.995e-10
36008 1e-09 9.995e-10
36092 1e-09 9.995e-10
36100 1e-09 9.995e-10
36116 1e-09 9.995e-10
36140 1e-09 9.995e-10
36172 1e-09 9.995e-10
36756 1e-09 9.995e-10
36824 1e-09 9.995e-10
36850 1e-09 9.995e-10
36944 1e-09 9.995e-10
36956 1e-09 9.995e-10
36964 1e-09 9.995e-10
37250 1e-09 9.995e-10
37260 1e-09 9.995e-10
37400 1e-09 9.995e-10
37446 1e-09 9.995e-10
37502 1e-09 9.995e-10
37636 1e-09 9.995e-10
37782 1e-09 9.995e-10
37988 1e-09 9.995e-10
38096 1e-09 9.995e-10
38172 1e-09 9.995e-10
38222 1e-09 9.995e-10
38256 1e-09 9.995e-10
38296 1e-09 9.995e-10
38430 1e-09 9.995e-10
38476 1e-09 9.995e-10
38530 1e-09 9.995e-10
38626 1e-09 9.995e-10
38642 1e-09 9.995e-10
38742 1e-09 9.995e-10
38808 1e-09 9.995e-10
38940 1e-09 9.995e-10
39012 1e-09 9.995e-10
39290 1e-09 9.995e-10
39310 1e-09 9.995e-10
39318 1e-09 9.995e-10
39434 2e-09 1.4128e-09
39440 1e-09 9.995e-10
39740 1e-09 9.995e-10
39810 1e-09 9.995e-10
39812 1e-09 9.995e-10
39910 1e-09 9.995e-10
39944 1e-09 9.995e-10
39996 1e-09 9.995e-10
40078 1e-09 9.995e-10
40110 1e-09 9.995e-10
40116 1e-09 9.995e-10
40166 1e-09 9.995e-10
40170 1e-09 9.995e-10
40180 1e-09 9.995e-10
40322 1e-09 9.995e-10
40334 1e-09 9.995e-10
40338 1e-09 9.995e-10
40352 1e-09 9.995e-10
40354 1e-09 9.995e-10
40408 1e-09 9.995e-10
40756 1e-09 9.995e-10
40996 1e-09 9.995e-10
41026 1e-09 9.995e-10
41180 1e-09 9.995e-10
41186 1e-09 9.995e-10
41196 1e-09 9.995e-10
41562 1e-09 9.995e-10
42136 1e-09 9.995e-10
42294 1e-09 9.995e-10
42310 1e-09 9.995e-10
42374 1e-09 9.995e-10
42410 1e-09 9.995e-10
42458 1e-09 9.995e-10
42490 1e-09 9.995e-10
42548 1e-09 9.995e-10
42600 1e-09 9.995e-10
42832 1e-09 9.995e-10
42950 1e-09 9.995e-10
43326 1e-09 9.995e-10
43334 1e-09 9.995e-10
43346 1e-09 9.995e-10
43570 1e-09 9.995e-10
43578 1e-09 9.995e-10
43592 1e-09 9.995e-10
43620 1e-09 9.995e-10
43652 1e-09 9.995e-10
43672 1e-09 9.995e-10
43818 1e-09 9.995e-10
44086 1e-09 9.995e-10
44136 1e-09 9.995e-10
44204 1e-09 9.995e-10
44240 1e-09 9.995e-10
44258 1e-09 9.995e-10
44400 1e-09 9.995e-10
44522 1e-09 9.995e-10
44568 1e-09 9.995e-10
44574 1e-09 9.995e-10
44650 1e-09 9.995e-10
44666 1e-09 9.995e-10
44786 1e-09 9.995e-10
44806 1e-09 9.995e-10
45044 1e-09 9.995e-10
45150 1e-09 9.995e-10
45258 1e-09 9.995e-10
45398 1e-09 9.995e-10
45764 1e-09 9.995e-10
45954 1e-09 9.995e-10
45974 1e-09 9.995e-10
46046 1e-09 9.995e-10
46198 1e-09 9.995e-10
46356 1e-09 9.995e-10
46396 1e-09 9.995e-10
46560 1e-09 9.995e-10
46914 1e-09 9.995e-10
46932 1e-09 9.995e-10
47000 1e-09 9.995e-10
47178 1e-09 9.995e-10
47266 1e-09 9.995e-10
47350 1e-09 9.995e-10
47508 1e-09 9.995e-10
47774 1e-09 9.995e-10
48114 1e-09 9.995e-10
48130 1e-09 9.995e-10
48226 1e-09 9.995e-10
48650 1e-09 9.995e-10
48706 1e-09 9.995e-10
48712 1e-09 9.995e-10
48922 1e-09 9.995e-10
48996 1e-09 9.995e-10
49056 1e-09 9.995e-10
49078 1e-09 9.995e-10
49180 1e-09 9.995e-10
49240 1e-09 9.995e-10
49274 1e-09 9.995e-10
49294 1e-09 9.995e-10
49302 1e-09 9.995e-10
49508 1e-09 9.995e-10
49556 1e-09 9.995e-10
49658 1e-09 9.995e-10
49698 1e-09 9.995e-10
49706 1e-09 9.995e-10
49736 1e-09 9.995e-10
49792 1e-09 9.995e-10
49860 1e-09 9.995e-10
49866 1e-09 9.995e-10
50030 1e-09 9.995e-10
50088 1e-09 9.995e-10
50152 1e-09 9.995e-10
50154 1e-09 9.995e-10
50164 1e-09 9.995e-10
50330 1e-09 9.995e-10
50568 1e-09 9.995e-10
50968 1e-09 9.995e-10
51012 1e-09 9.995e-10
51086 1e-09 9.995e-10
51132 1e-09 9.995e-10
51264 1e-09 9.995e-10
51394 1e-09 9.995e-10
51442 1e-09 9.995e-10
51598 1e-09 9.995e-10
51622 1e-09 9.995e-10
51772 1e-09 9.995e-10
52400 1e-09 9.995e-10
52530 1e-09 9.995e-10
52812 1e-09 9.995e-10
52824 1e-09 9.995e-10
52838 1e-09 9.995e-10
53078 1e-09 9.995e-10
53276 1e-09 9.995e-10
53936 1e-09 9.995e-10
54020 1e-09 9.995e-10
54146 1e-09 9.995e-10
54214 1e-09 9.995e-10
54256 2e-09 1.4128e-09
54396 1e-09 9.995e-10
54530 1e-09 9.995e-10
54574 1e-09 9.995e-10
54580 1e-09 9.995e-10
54616 1e-09 9.995e-10
54620 1e-09 9.995e-10
54700 1e-09 9.995e-10
54726 1e-09 9.995e-10
54784 1e-09 9.995e-10
54818 1e-09 9.995e-10
54842 1e-09 9.995e-10
55056 1e-09 9.995e-10
55354 1e-09 9.995e-10
55428 1e-09 9.995e-10
55466 1e-09 9.995e-10
55534 1e-09 9.995e-10
55606 1e-09 9.995e-10
55626 1e-09 9.995e-10
55762 1e-09 9.995e-10
55812 1e-09 9.995e-10
55854 1e-09 9.995e-10
55906 1e-09 9.995e-10
55994 1e-09 9.995e-10
56468 1e-09 9.995e-10
56894 1e-09 9.995e-10
57096 1e-09 9.995e-10
57286 1e-09 9.995e-10
57716 1e-09 9.995e-10
57856 1e-09 9.995e-10
58430 1e-09 9.995e-10
58494 1e-09 9.995e-10
58608 1e-09 9.995e-10
58722 1e-09 9.995e-10
58874 1e-09 9.995e-10
58980 1e-09 9.995e-10
59034 1e-09 9.995e-10
59094 1e-09 9.995e-10
59238 1e-09 9.995e-10
59268 1e-09 9.995e-10
59800 2e-09 1.4128e-09
59862 1e-09 9.995e-10
59884 1e-09 9.995e-10
59886 1e-09 9.995e-10
60126 1e-09 9.995e-10
60280 1e-09 9.995e-10
60508 1e-09 9.995e-10
60520 1e-09 9.995e-10
60540 1e-09 9.995e-10
60580 1e-09 9.995e-10
60730 1e-09 9.995e-10
60936 1e-09 9.995e-10
61124 1e-09 9.995e-10
61196 1e-09 9.995e-10
61286 1e-09 9.995e-10
61368 1e-09 9.995e-10
61416 1e-09 9.995e-10
61590 1e-09 9.995e-10
61666 1e-09 9.995e-10
61752 1e-09 9.995e-10
61904 1e-09 9.995e-10
62238 1e-09 9.995e-10
62358 1e-09 9.995e-10
62532 1e-09 9.995e-10
62544 1e-09 9.995e-10
62666 1e-09 9.995e-10
62742 1e-09 9.995e-10
62810 1e-09 9.995e-10
63212 1e-09 9.995e-10
63298 1e-09 9.995e-10
63432 1e-09 9.995e-10
63544 1e-09 9.995e-10
63798 1e-09 9.995e-10
63840 1e-09 9.995e-10
63984 1e-09 9.995e-10
64024 1e-09 9.995e-10
64046 1e-09 9.995e-10
64126 1e-09 9.995e-10
64272 1e-09 9.995e-10
64354 1e-09 9.995e-10
64382 1e-09 9.995e-10
64632 1e-09 9.995e-10
64922 1e-09 9.995e-10
64990 1e-09 9.995e-10
65038 1e-09 9.995e-10
65126 1e-09 9.995e-10
65218 1e-09 9.995e-10
65222 1e-09 9.995e-10
65288 1e-09 9.995e-10
65372 1e-09 9.995e-10
65556 1e-09 9.995e-10
65738 1e-09 9.995e-10
65818 1e-09 9.995e-10
66202 1e-09 9.995e-10
66346 1e-09 9.995e-10
66442 1e-09 9.995e-10
66912 1e-09 9.995e-10
66944 1e-09 9.995e-10
67052 1e-09 9.995e-10
67066 1e-09 9.995e-10
67154 1e-09 9.995e-10
67222 1e-09 9.995e-10
67368 1e-09 9.995e-10
67414 1e-09 9.995e-10
67444 1e-09 9.995e-10
67544 1e-09 9.995e-10
67680 1e-09 9.995e-10
68270 1e-09 9.995e-10
68854 1e-09 9.995e-10
68908 1e-09 9.995e-10
69178 1e-09 9.995e-10
69260 1e-09 9.995e-10
69300 1e-09 9.995e-10
69876 1e-09 9.995e-10
70030 1e-09 9.995e-10
70180 1e-09 9.995e-10
70192 1e-09 9.995e-10
70468 2e-09 1.4128e-09
70524 1e-09 9.995e-10
70592 1e-09 9.995e-10
70694 1e-09 9.995e-10
70850 1e-09 9.995e-10
70862 1e-09 9.995e-10
70866 1e-09 9.995e-10
71016 1e-09 9.995e-10
71086 1e-09 9.995e-10
71170 1e-09 9.995e-10
71374 1e-09 9.995e-10
71376 1e-09 9.995e-10
71378 1e-09 9.995e-10
71502 1e-09 9.995e-10
71584 1e-09 9.995e-10
71934 1e-09 9.995e-10
72216 1e-09 9.995e-10
72256 1e-09 9.995e-10
72594 1e-09 9.995e-10
72620 2e-09 1.4128e-09
72734 1e-09 9.995e-10
72840 1e-09 9.995e-10
72964 1e-09 9.995e-10
72974 1e-09 9.995e-10
73118 1e-09 9.995e-10
73330 1e-09 9.995e-10
73476 1e-09 9.995e-10
73570 1e-09 9.995e-10
73724 1e-09 9.995e-10
73896 1e-09 9.995e-10
74066 1e-09 9.995e-10
74298 1e-09 9.995e-10
74376 1e-09 9.995e-10
74402 1e-09 9.995e-10
74416 1e-09 9.995e-10
74472 1e-09 9.995e-10
74542 1e-09 9.995e-10
74680 1e-09 9.995e-10
74920 1e-09 9.995e-10
75982 1e-09 9.995e-10
76506 1e-09 9.995e-10
76990 1e-09 9.995e-10
77118 1e-09 9.995e-10
77756 1e-09 9.995e-10
77840 1e-09 9.995e-10
77968 1e-09 9.995e-10
78310 1e-09 9.995e-10
78388 1e-09 9.995e-10
78524 1e-09 9.995e-10
78544 1e-09 9.995e-10
78752 1e-09 9.995e-10
79032 1e-09 9.995e-10
79156 1e-09 9.995e-10
79214 1e-09 9.995e-10
79250 1e-09 9.995e-10
79322 1e-09 9.995e-10
79328 1e-09 9.995e-10
79678 1e-09 9.995e-10
79720 1e-09 9.995e-10
79754 1e-09 9.995e-10
80048 1e-09 9.995e-10
80550 1e-09 9.995e-10
81054 1e-09 9.995e-10
81282 1e-09 9.995e-10
81426 2e-09 1.4128e-09
81524 1e-09 9.995e-10
81552 1e-09 9.995e-10
81670 1e-09 9.995e-10
81778 1e-09 9.995e-10
81980 1e-09 9.995e-10
82022 1e-09 9.995e-10
82090 1e-09 9.995e-10
82590 1e-09 9.995e-10
82648 1e-09 9.995e-10
82688 1e-09 9.995e-10
82716 1e-09 9.995e-10
82842 1e-09 9.995e-10
83044 1e-09 9.995e-10
83202 1e-09 9.995e-10
83566 1e-09 9.995e-10
83572 1e-09 9.995e-10
83596 1e-09 9.995e-10
83602 1e-09 9.995e-10
83964 1e-09 9.995e-10
84030 1e-09 9.995e-10
84272 1e-09 9.995e-10
84408 1e-09 9.995e-10
84740 1e-09 9.995e-10
84742 1e-09 9.995e-10
84778 1e-09 9.995e-10
85058 1e-09 9.995e-10
85108 1e-09 9.995e-10
85190 1e-09 9.995e-10
85444 1e-09 9.995e-10
85532 1e-09 9.995e-10
85584 1e-09 9.995e-10
85620 1e-09 9.995e-10
85664 1e-09 9.995e-10
85694 1e-09 9.995e-10
85822 1e-09 9.995e-10
85948 1e-09 9.995e-10
86166 1e-09 9.995e-10
86318 1e-09 9.995e-10
87010 1e-09 9.995e-10
87706 1e-09 9.995e-10
87716 1e-09 9.995e-10
88118 1e-09 9.995e-10
88254 1e-09 9.995e-10
88498 1e-09 9.995e-10
88626 1e-09 9.995e-10
88824 1e-09 9.995e-10
89758 1e-09 9.995e-10
89934 1e-09 9.995e-10
89974 1e-09 9.995e-10
90194 1e-09 9.995e-10
90336 1e-09 9.995e-10
90574 1e-09 9.995e-10
90708 1e-09 9.995e-10
90716 1e-09 9.995e-10
91306 1e-09 9.995e-10
91454 1e-09 9.995e-10
91786 1e-09 9.995e-10
92762 1e-09 9.995e-10
93498 1e-09 9.995e-10
93572 1e-09 9.995e-10
93632 1e-09 9.995e-10
93854 1e-09 9.995e-10
93902 1e-09 9.995e-10
93988 1e-09 9.995e-10
94144 1e-09 9.995e-10
94600 1e-09 9.995e-10
94774 1e-09 9.995e-10
94780 1e-09 9.995e-10
95002 1e-09 9.995e-10
95050 1e-09 9.995e-10
95124 1e-09 9.995e-10
95698 1e-09 9.995e-10
95708 1e-09 9.995e-10
95894 1e-09 9.995e-10
96070 1e-09 9.995e-10
96200 1e-09 9.995e-10
96404 1e-09 9.995e-10
96472 1e-09 9.995e-10
96482 1e-09 9.995e-10
96494 1e-09 9.995e-10
96722 1e-09 9.995e-10
96908 1e-09 9.995e-10
97260 1e-09 9.995e-10
97358 1e-09 9.995e-10
97558 1e-09 9.995e-10
97774 1e-09 9.995e-10
97778 1e-09 9.995e-10
97878 1e-09 9.995e-10
97988 1e-09 9.995e-10
99382 1e-09 9.995e-10
99392 1e-09 9.995e-10
99812 1e-09 9.995e-10
100010 1e-09 9.995e-10
100124 1e-09 9.995e-10
100396 1e-09 9.995e-10
100456 1e-09 9.995e-10
100688 1e-09 9.995e-10
100792 1e-09 9.995e-10
100908 1e-09 9.995e-10
101966 1e-09 9.995e-10
102166 1e-09 9.995e-10
102204 1e-09 9.995e-10
102368 1e-09 9.995e-10
102422 1e-09 9.995e-10
102472 1e-09 9.995e-10
102692 1e-09 9.995e-10
102698 1e-09 9.995e-10
102948 1e-09 9.995e-10
103198 1e-09 9.995e-10
103260 1e-09 9.995e-10
103780 1e-09 9.995e-10
104266 1e-09 9.995e-10
104300 1e-09 9.995e-10
104774 1e-09 9.995e-10
104826 1e-09 9.995e-10
104920 1e-09 9.995e-10
104954 1e-09 9.995e-10
106064 1e-09 9.995e-10
106290 1e-09 9.995e-10
106464 1e-09 9.995e-10
106838 1e-09 9.995e-10
107014 1e-09 9.995e-10
107152 1e-09 9.995e-10
107428 1e-09 9.995e-10
108160 1e-09 9.995e-10
108186 1e-09 9.995e-10
108322 1e-09 9.995e-10
108420 1e-09 9.995e-10
108594 1e-09 9.995e-10
108800 1e-09 9.995e-10
108952 1e-09 9.995e-10
109236 1e-09 9.995e-10
109348 1e-09 9.995e-10
110010 1e-09 9.995e-10
110354 1e-09 9.995e-10
110762 1e-09 9.995e-10
110886 1e-09 9.995e-10
111042 1e-09 9.995e-10
111410 1e-09 9.995e-10
111838 1e-09 9.995e-10
111886 1e-09 9.995e-10
112396 1e-09 9.995e-10
112428 1e-09 9.995e-10
112660 1e-09 9.995e-10
114392 1e-09 9.995e-10
114924 1e-09 9.995e-10
116208 1e-09 9.995e-10
116472 1e-09 9.995e-10
116578 1e-09 9.995e-10
116904 1e-09 9.995e-10
116922 1e-09 9.995e-10
117082 1e-09 9.995e-10
117226 1e-09 9.995e-10
117536 1e-09 9.995e-10
117760 1e-09 9.995e-10
118192 1e-09 9.995e-10
118512 1e-09 9.995e-10
118540 1e-09 9.995e-10
118568 1e-09 9.995e-10
118862 1e-09 9.995e-10
119566 1e-09 9.995e-10
119672 1e-09 9.995e-10
119916 1e-09 9.995e-10
120126 1e-09 9.995e-10
120158 1e-09 9.995e-10
120216 1e-09 9.995e-10
120988 1e-09 9.995e-10
121500 1e-09 9.995e-10
121984 1e-09 9.995e-10
122102 1e-09 9.995e-10
123484 1e-09 9.995e-10
123612 1e-09 9.995e-10
123798 1e-09 9.995e-10
123876 1e-09 9.995e-10
124334 1e-09 9.995e-10
124612 1e-09 9.995e-10
125098 1e-09 9.995e-10
125170 1e-09 9.995e-10
125236 1e-09 9.995e-10
125248 1e-09 9.995e-10
125724 1e-09 9.995e-10
125748 1e-09 9.995e-10
126704 1e-09 9.995e-10
127218 1e-09 9.995e-10
127224 1e-09 9.995e-10
127636 1e-09 9.995e-10
127980 1e-09 9.995e-10
129784 1e-09 9.995e-10
129810 1e-09 9.995e-10
130138 1e-09 9.995e-10
130210 1e-09 9.995e-10
130854 1e-09 9.995e-10
131600 1e-09 9.995e-10
132642 1e-09 9.995e-10
132804 1e-09 9.995e-10
133084 1e-09 9.995e-10
133212 1e-09 9.995e-10
133280 1e-09 9.995e-10
133494 1e-09 9.995e-10
134018 1e-09 9.995e-10
134114 1e-09 9.995e-10
134552 1e-09 9.995e-10
134710 1e-09 9.995e-10
134772 1e-09 9.995e-10
134890 1e-09 9.995e-10
135244 1e-09 9.995e-10
135280 1e-09 9.995e-10
135546 1e-09 9.995e-10
135858 1e-09 9.995e-10
135864 1e-09 9.995e-10
136400 1e-09 9.995e-10
137234 1e-09 9.995e-10
137262 1e-09 9.995e-10
137848 1e-09 9.995e-10
138056 1e-09 9.995e-10
138464 1e-09 9.995e-10
138620 1e-09 9.995e-10
138752 1e-09 9.995e-10
138882 1e-09 9.995e-10
139336 1e-09 9.995e-10
139620 1e-09 9.995e-10
141082 1e-09 9.995e-10
142558 1e-09 9.995e-10
142990 1e-09 9.995e-10
143260 1e-09 9.995e-10
143334 1e-09 9.995e-10
143456 1e-09 9.995e-10
143874 1e-09 9.995e-10
143930 1e-09 9.995e-10
144662 1e-09 9.995e-10
144794 1e-09 9.995e-10
144836 1e-09 9.995e-10
145122 1e-09 9.995e-10
145302 1e-09 9.995e-10
145408 1e-09 9.995e-10
145410 1e-09 9.995e-10
145682 1e-09 9.995e-10
145802 1e-09 9.995e-10
145942 1e-09 9.995e-10
146444 1e-09 9.995e-10
147400 1e-09 9.995e-10
147428 1e-09 9.995e-10
147688 1e-09 9.995e-10
147762 1e-09 9.995e-10
148116 1e-09 9.995e-10
148512 1e-09 9.995e-10
148694 1e-09 9.995e-10
148942 1e-09 9.995e-10
149040 1e-09 9.995e-10
149068 1e-09 9.995e-10
149282 1e-09 9.995e-10
149516 1e-09 9.995e-10
149816 1e-09 9.995e-10
150186 1e-09 9.995e-10
150858 1e-09 9.995e-10
151094 1e-09 9.995e-10
151320 1e-09 9.995e-10
151520 1e-09 9.995e-10
151798 1e-09 9.995e-10
151944 1e-09 9.995e-10
152026 1e-09 9.995e-10
152300 1e-09 9.995e-10
153832 1e-09 9.995e-10
154178 1e-09 9.995e-10
154694 1e-09 9.995e-10
156496 1e-09 9.995e-10
156564 1e-09 9.995e-10
156656 1e-09 9.995e-10
156844 1e-09 9.995e-10
157548 1e-09 9.995e-10
157918 1e-09 9.995e-10
158806 1e-09 9.995e-10
159880 1e-09 9.995e-10
159984 1e-09 9.995e-10
160460 1e-09 9.995e-10
160794 1e-09 9.995e-10
161108 1e-09 9.995e-10
161928 1e-09 9.995e-10
162148 1e-09 9.995e-10
162180 1e-09 9.995e-10
163588 1e-09 9.995e-10
164322 1e-09 9.995e-10
164344 1e-09 9.995e-10
165386 1e-09 9.995e-10
165398 1e-09 9.995e-10
166578 1e-09 9.995e-10
166922 1e-09 9.995e-10
167662 1e-09 9.995e-10
167692 1e-09 9.995e-10
168068 1e-09 9.995e-10
169082 1e-09 9.995e-10
169430 1e-09 9.995e-10
170418 1e-09 9.995e-10
170764 1e-09 9.995e-10
171266 1e-09 9.995e-10
171516 1e-09 9.995e-10
171694 1e-09 9.995e-10
172826 1e-09 9.995e-10
173294 1e-09 9.995e-10
173322 1e-09 9.995e-10
173624 1e-09 9.995e-10
173738 1e-09 9.995e-10
174084 1e-09 9.995e-10
174264 1e-09 9.995e-10
174448 1e-09 9.995e-10
174814 1e-09 9.995e-10
175218 1e-09 9.995e-10
175332 1e-09 9.995e-10
175444 1e-09 9.995e-10
176814 1e-09 9.995e-10
177844 1e-09 9.995e-10
178808 1e-09 9.995e-10
178848 1e-09 9.995e-10
179372 1e-09 9.995e-10
179732 1e-09 9.995e-10
179786 1e-09 9.995e-10
179920 1e-09 9.995e-10
180300 1e-09 9.995e-10
180670 1e-09 9.995e-10
182232 1e-09 9.995e-10
182638 1e-09 9.995e-10
182748 1e-09 9.995e-10
182862 1e-09 9.995e-10
183314 1e-09 9.995e-10
186104 1e-09 9.995e-10
186552 1e-09 9.995e-10
187496 1e-09 9.995e-10
187498 1e-09 9.995e-10
188214 1e-09 9.995e-10
188652 1e-09 9.995e-10
189352 1e-09 9.995e-10
189702 1e-09 9.995e-10
189972 1e-09 9.995e-10
190062 1e-09 9.995e-10
191236 1e-09 9.995e-10
191254 1e-09 9.995e-10
191298 1e-09 9.995e-10
191724 1e-09 9.995e-10
191730 1e-09 9.995e-10
191994 1e-09 9.995e-10
192712 1e-09 9.995e-10
194296 1e-09 9.995e-10
194540 1e-09 9.995e-10
195144 1e-09 9.995e-10
195258 1e-09 9.995e-10
195334 1e-09 9.995e-10
195350 1e-09 9.995e-10
196526 1e-09 9.995e-10
196770 1e-09 9.995e-10
197256 1e-09 9.995e-10
197664 1e-09 9.995e-10
197848 1e-09 9.995e-10
198634 1e-09 9.995e-10
198664 1e-09 9.995e-10
200242 1e-09 9.995e-10
201206 1e-09 9.995e-10
202654 1e-09 9.995e-10
202722 1e-09 9.995e-10
203072 1e-09 9.995e-10
203288 1e-09 9.995e-10
203362 1e-09 9.995e-10
204006 1e-09 9.995e-10
204696 1e-09 9.995e-10
204838 1e-09 9.995e-10
205320 1e-09 9.995e-10
205558 1e-09 9.995e-10
205568 1e-09 9.995e-10
205760 1e-09 9.995e-10
206644 1e-09 9.995e-10
207086 1e-09 9.995e-10
207262 1e-09 9.995e-10
207570 1e-09 9.995e-10
209484 1e-09 9.995e-10
209810 1e-09 9.995e-10
210288 1e-09 9.995e-10
210378 1e-09 9.995e-10
210886 1e-09 9.995e-10
211484 1e-09 9.995e-10
212040 1e-09 9.995e-10
213002 1e-09 9.995e-10
213414 1e-09 9.995e-10
213422 1e-09 9.995e-10
214246 1e-09 9.995e-10
214364 1e-09 9.995e-10
214510 1e-09 9.995e-10
214854 1e-09 9.995e-10
215792 1e-09 9.995e-10
216068 1e-09 9.995e-10
217726 1e-09 9.995e-10
218410 1e-09 9.995e-10
221912 1e-09 9.995e-10
221934 1e-09 9.995e-10
222550 1e-09 9.995e-10
222612 1e-09 9.995e-10
223646 1e-09 9.995e-10
223660 1e-09 9.995e-10
223784 1e-09 9.995e-10
227036 1e-09 9.995e-10
227346 1e-09 9.995e-10
227630 1e-09 9.995e-10
228716 1e-09 9.995e-10
229040 1e-09 9.995e-10
229968 1e-09 9.995e-10
230762 1e-09 9.995e-10
231924 1e-09 9.995e-10
232908 1e-09 9.995e-10
235222 1e-09 9.995e-10
235796 1e-09 9.995e-10
235888 1e-09 9.995e-10
236176 1e-09 9.995e-10
236248 1e-09 9.995e-10
237070 1e-09 9.995e-10
239900 1e-09 9.995e-10
240128 1e-09 9.995e-10
240310 1e-09 9.995e-10
243304 1e-09 9.995e-10
243728 1e-09 9.995e-10
243748 1e-09 9.995e-10
244730 1e-09 9.995e-10
245170 1e-09 9.995e-10
246510 1e-09 9.995e-10
246652 1e-09 9.995e-10
246828 1e-09 9.995e-10
248456 1e-09 9.995e-10
249538 1e-09 9.995e-10
250330 1e-09 9.995e-10
250388 1e-09 9.995e-10
251106 1e-09 9.995e-10
251816 1e-09 9.995e-10
252036 1e-09 9.995e-10
252140 1e-09 9.995e-10
253906 1e-09 9.995e-10
254070 1e-09 9.995e-10
254402 1e-09 9.995e-10
254898 1e-09 9.995e-10
255546 1e-09 9.995e-10
261266 1e-09 9.995e-10
261280 1e-09 9.995e-10
262690 1e-09 9.995e-10
262718 1e-09 9.995e-10
263520 1e-09 9.995e-10
263758 1e-09 9.995e-10
264338 1e-09 9.995e-10
264684 1e-09 9.995e-10
265392 1e-09 9.995e-10
265996 1e-09 9.995e-10
267058 1e-09 9.995e-10
267154 1e-09 9.995e-10
267390 1e-09 9.995e-10
267642 1e-09 9.995e-10
267898 1e-09 9.995e-10
268196 1e-09 9.995e-10
270532 1e-09 9.995e-10
271012 1e-09 9.995e-10
271114 1e-09 9.995e-10
276142 1e-09 9.995e-10
276304 1e-09 9.995e-10
277890 1e-09 9.995e-10
278482 1e-09 9.995e-10
278620 1e-09 9.995e-10
279896 1e-09 9.995e-10
280194 1e-09 9.995e-10
280314 1e-09 9.995e-10
281698 1e-09 9.995e-10
282264 1e-09 9.995e-10
282394 1e-09 9.995e-10
282740 1e-09 9.995e-10
283684 1e-09 9.995e-10
284072 1e-09 9.995e-10
284388 1e-09 9.995e-10
286314 1e-09 9.995e-10
287202 1e-09 9.995e-10
288240 1e-09 9.995e-10
288772 1e-09 9.995e-10
293016 1e-09 9.995e-10
293616 1e-09 9.995e-10
293838 1e-09 9.995e-10
293868 1e-09 9.995e-10
294486 1e-09 9.995e-10
295476 1e-09 9.995e-10
296926 1e-09 9.995e-10
301410 1e-09 9.995e-10
304654 1e-09 9.995e-10
304962 1e-09 9.995e-10
305356 1e-09 9.995e-10
305994 1e-09 9.995e-10
308134 1e-09 9.995e-10
310954 1e-09 9.995e-10
311686 1e-09 9.995e-10
312764 1e-09 9.995e-10
313542 1e-09 9.995e-10
315270 1e-09 9.995e-10
319476 1e-09 9.995e-10
319712 1e-09 9.995e-10
320112 1e-09 9.995e-10
321470 1e-09 9.995e-10
322922 1e-09 9.995e-10
323360 1e-09 9.995e-10
324298 1e-09 9.995e-10
325020 1e-09 9.995e-10
325042 1e-09 9.995e-10
325218 1e-09 9.995e-10
327394 1e-09 9.995e-10
329148 1e-09 9.995e-10
333898 1e-09 9.995e-10
334140 1e-09 9.995e-10
334508 1e-09 9.995e-10
334618 1e-09 9.995e-10
334686 1e-09 9.995e-10
336138 1e-09 9.995e-10
336228 1e-09 9.995e-10
336928 1e-09 9.995e-10
338804 1e-09 9.995e-10
340152 1e-09 9.995e-10
340324 1e-09 9.995e-10
343044 1e-09 9.995e-10
344440 1e-09 9.995e-10
349186 1e-09 9.995e-10
350426 1e-09 9.995e-10
350752 1e-09 9.995e-10
352952 1e-09 9.995e-10
353764 1e-09 9.995e-10
357334 1e-09 9.995e-10
358376 1e-09 9.995e-10
360590 1e-09 9.995e-10
361918 1e-09 9.995e-10
371596 1e-09 9.995e-10
372710 1e-09 9.995e-10
375268 1e-09 9.995e-10
375334 1e-09 9.995e-10
375860 1e-09 9.995e-10
376322 1e-09 9.995e-10
376494 1e-09 9.995e-10
379204 1e-09 9.995e-10
379288 1e-09 9.995e-10
379528 1e-09 9.995e-10
385650 1e-09 9.995e-10
386706 1e-09 9.995e-10
386750 1e-09 9.995e-10
387174 1e-09 9.995e-10
388388 1e-09 9.995e-10
392346 1e-09 9.995e-10
394834 1e-09 9.995e-10
400394 1e-09 9.995e-10
401236 1e-09 9.995e-10
401308 1e-09 9.995e-10
402684 1e-09 9.995e-10
410558 1e-09 9.995e-10
412438 1e-09 9.995e-10
416204 1e-09 9.995e-10
417220 1e-09 9.995e-10
417340 1e-09 9.995e-10
420860 1e-09 9.995e-10
424750 1e-09 9.995e-10
434110 1e-09 9.995e-10
438598 1e-09 9.995e-10
440848 1e-09 9.995e-10
448524 1e-09 9.995e-10
449560 1e-09 9.995e-10
450366 1e-09 9.995e-10
451360 1e-09 9.995e-10
452498 1e-09 9.995e-10
454930 1e-09 9.995e-10
458784 1e-09 9.995e-10
460522 1e-09 9.995e-10
464188 1e-09 9.995e-10
466414 1e-09 9.995e-10
473252 1e-09 9.995e-10
473346 1e-09 9.995e-10
479158 1e-09 9.995e-10
483780 1e-09 9.995e-10
487920 1e-09 9.995e-10
495102 1e-09 9.995e-10
498956 1e-09 9.995e-10
501518 1e-09 9.995e-10
504102 1e-09 9.995e-10
517136 1e-09 9.995e-10
517228 1e-09 9.995e-10
517250 1e-09 9.995e-10
517758 1e-09 9.995e-10
521450 1e-09 9.995e-10
527030 1e-09 9.995e-10
528086 1e-09 9.995e-10
533042 1e-09 9.995e-10
543862 1e-09 9.995e-10
546918 1e-09 9.995e-10
549410 1e-09 9.995e-10
552458 1e-09 9.995e-10
555866 1e-09 9.995e-10
565542 1e-09 9.995e-10
569452 1e-09 9.995e-10
571352 1e-09 9.995e-10
574760 1e-09 9.995e-10
574910 1e-09 9.995e-10
575124 1e-09 9.995e-10
576374 1e-09 9.995e-10
586770 1e-09 9.995e-10
588676 1e-09 9.995e-10
589648 1e-09 9.995e-10
605258 1e-09 9.995e-10
617998 1e-09 9.995e-10
622354 1e-09 9.995e-10
623260 1e-09 9.995e-10
634826 1e-09 9.995e-10
659944 1e-09 9.995e-10
694132 1e-09 9.995e-10
707744 1e-09 9.995e-10
712112 1e-09 9.995e-10
724896 1e-09 9.995e-10
730448 1e-09 9.995e-10
774542 1e-09 9.995e-10
780316 1e-09 9.995e-10
785178 1e-09 9.995e-10
809864 1e-09 9.995e-10
816212 1e-09 9.995e-10
848636 1e-09 9.995e-10
871906 1e-09 9.995e-10
