4 0.00569544 2.43341e-06
6 0.00202511 1.42292e-06
8 0.000979147 9.92052e-07
10 0.000541661 7.39108e-07
12 0.000335328 5.65688e-07
14 0.000224441 4.8455e-07
16 0.000158802 4.13138e-07
18 0.000116971 3.49202e-07
20 8.9075e-05 2.98113e-07
22 6.9284e-05 2.65008e-07
24 5.578e-05 2.44993e-07
26 4.5146e-05 2.12872e-07
28 3.7562e-05 1.91024e-07
30 3.1492e-05 1.77533e-07
32 2.6635e-05 1.60349e-07
34 2.2826e-05 1.52019e-07
36 1.999e-05 1.41619e-07
38 1.7458e-05 1.33207e-07
40 1.5415e-05 1.24951e-07
42 1.3551e-05 1.16728e-07
44 1.1841e-05 1.11165e-07
46 1.075e-05 1.04142e-07
48 9.652e-06 9.70819e-08
50 8.651e-06 9.01843e-08
52 8.043e-06 9.05712e-08
54 7.086e-06 8.58289e-08
56 6.498e-06 8.24985e-08
58 6.028e-06 7.51746e-08
60 5.331e-06 7.40232e-08
62 5.209e-06 7.21202e-08
64 4.594e-06 6.5629e-08
66 4.205e-06 6.44436e-08
68 3.918e-06 6.35238e-08
70 3.799e-06 6.24067e-08
72 3.486e-06 5.96473e-08
74 3.259e-06 5.64262e-08
76 3.091e-06 5.572e-08
78 2.82e-06 5.38665e-08
80 2.655e-06 5.22492e-08
82 2.513e-06 4.9818e-08
84 2.296e-06 4.8666e-08
86 2.189e-06 4.79091e-08
88 2.116e-06 4.78178e-08
90 1.923e-06 4.42614e-08
92 1.87e-06 4.32331e-08
94 1.801e-06 4.41746e-08
96 1.648e-06 3.91931e-08
98 1.532e-06 3.8897e-08
100 1.553e-06 4.05116e-08
102 1.477e-06 3.76759e-08
104 1.369e-06 3.64807e-08
106 1.321e-06 3.54677e-08
108 1.297e-06 3.59276e-08
110 1.184e-06 3.44404e-08
112 1.118e-06 3.17502e-08
114 1.076e-06 3.37079e-08
116 1.106e-06 3.29054e-08
118 9.46e-07 3.17346e-08
120 9.3e-07 3.05467e-08
122 8.99e-07 3.0509e-08
124 8.37e-07 2.87825e-08
126 8.72e-07 2.96583e-08
128 8.36e-07 2.92763e-08
130 8e-07 2.76405e-08
132 7.28e-07 2.63062e-08
134 6.73e-07 2.63452e-08
136 6.62e-07 2.53329e-08
138 6.65e-07 2.51947e-08
140 6.96e-07 2.62218e-08
142 6.53e-07 2.6241e-08
144 5.82e-07 2.34793e-08
146 5.88e-07 2.37961e-08
148 5.46e-07 2.31492e-08
150 5.17e-07 2.2841e-08
152 5.51e-07 2.33109e-08
154 4.87e-07 2.19962e-08
156 4.78e-07 2.20798e-08
158 4.79e-07 2.16231e-08
160 4.68e-07 2.12832e-08
162 4.32e-07 2.07214e-08
164 4.16e-07 1.99235e-08
166 4.37e-07 2.09292e-08
168 4.35e-07 2.11134e-08
170 3.92e-07 2.05021e-08
172 4.07e-07 1.95282e-08
174 3.7e-07 1.88971e-08
176 3.63e-07 1.91633e-08
178 3.57e-07 1.93791e-08
180 3.88e-07 1.95309e-08
182 3.54e-07 1.89917e-08
184 3.47e-07 1.84008e-08
186 3.25e-07 1.74177e-08
188 3.28e-07 1.72747e-08
190 3.09e-07 1.82625e-08
192 3.04e-07 1.71926e-08
194 2.98e-07 1.70645e-08
196 2.5e-07 1.57956e-08
198 2.36e-07 1.55017e-08
200 2.61e-07 1.54557e-08
202 2.44e-07 1.52468e-08
204 2.45e-07 1.52635e-08
206 2.36e-07 1.55017e-08
208 2.57e-07 1.60297e-08
210 2.61e-07 1.60274e-08
212 2.29e-07 1.47837e-08
214 2.26e-07 1.51302e-08
216 2.53e-07 1.63399e-08
218 2.17e-07 1.44191e-08
220 2.14e-07 1.52382e-08
222 2.07e-07 1.41475e-08
224 1.91e-07 1.33611e-08
226 2.02e-07 1.42547e-08
228 1.81e-07 1.30476e-08
230 1.73e-07 1.2848e-08
232 1.8e-07 1.30996e-08
234 1.83e-07 1.36202e-08
236 1.83e-07 1.33233e-08
238 1.65e-07 1.29528e-08
240 1.43e-07 1.17708e-08
242 1.8e-07 1.35499e-08
244 1.47e-07 1.19746e-08
246 1.7e-07 1.28491e-08
248 1.57e-07 1.25838e-08
250 1.34e-07 1.09565e-08
252 1.58e-07 1.22897e-08
254 1.51e-07 1.29692e-08
256 1.6e-07 1.28219e-08
258 1.29e-07 1.08793e-08
260 1.3e-07 1.14499e-08
262 1.12e-07 1.05573e-08
264 1.39e-07 1.13877e-08
266 1.52e-07 1.23651e-08
268 1.54e-07 1.21772e-08
270 1.19e-07 1.09927e-08
272 1.12e-07 1.06516e-08
274 1.15e-07 1.04774e-08
276 1.16e-07 1.06087e-08
278 1.2e-07 1.12071e-08
280 1.18e-07 1.12284e-08
282 1.15e-07 1.04774e-08
284 9.1e-08 9.52465e-09
286 8.5e-08 9.04295e-09
288 1.04e-07 1.06388e-08
290 1.1e-07 1.03875e-08
292 8.5e-08 9.15287e-09
294 1.1e-07 1.05783e-08
296 8.8e-08 9.50032e-09
298 1.08e-07 1.01161e-08
300 8.6e-08 9.41297e-09
302 9.1e-08 9.83458e-09
304 1.02e-07 9.97978e-09
306 1.02e-07 9.97978e-09
308 6.4e-08 8.11813e-09
310 1e-07 9.89949e-09
312 7.8e-08 8.59744e-09
314 9e-08 9.3755e-09
316 7.6e-08 8.61534e-09
318 9e-08 9.58645e-09
320 7.8e-08 8.71298e-09
322 7.3e-08 8.46587e-09
324 8.8e-08 9.28741e-09
326 6.9e-08 8.13873e-09
328 7.4e-08 8.27792e-09
330 6.3e-08 8.06418e-09
332 6.3e-08 7.81223e-09
334 6.8e-08 8.08554e-09
336 6.8e-08 8.08554e-09
338 6.4e-08 7.86791e-09
340 7.8e-08 8.71298e-09
342 7.1e-08 8.36415e-09
344 7.9e-08 8.87463e-09
346 5.7e-08 8.1087e-09
348 6.2e-08 7.88391e-09
350 6.1e-08 7.82809e-09
352 6.6e-08 8.2246e-09
354 6.2e-08 7.75603e-09
356 6e-08 7.64199e-09
358 4.8e-08 6.90623e-09
360 7.8e-08 8.827e-09
362 4.4e-08 6.63807e-09
364 6.2e-08 7.75603e-09
366 5.6e-08 7.27076e-09
368 5.6e-08 7.54082e-09
370 5.3e-08 7.22433e-09
372 6.3e-08 7.93921e-09
374 4.8e-08 6.75988e-09
376 6e-08 7.77174e-09
378 5.2e-08 7.16212e-09
380 6.2e-08 7.88391e-09
382 4.3e-08 6.71945e-09
384 4.3e-08 6.4149e-09
386 3.7e-08 6.45221e-09
388 5e-08 7.31437e-09
390 5.9e-08 7.96988e-09
392 4.1e-08 6.42799e-09
394 6.1e-08 7.69929e-09
396 5.8e-08 7.39162e-09
398 3.6e-08 6.37997e-09
400 5.6e-08 7.27076e-09
402 4e-08 6.51153e-09
404 3.3e-08 5.64898e-09
406 5.3e-08 7.22433e-09
408 4.7e-08 7.12678e-09
410 3.3e-08 5.82332e-09
412 4e-08 6.51153e-09
414 5e-08 6.89202e-09
416 3.8e-08 6.04616e-09
418 4.2e-08 6.49892e-09
420 4.9e-08 6.9713e-09
422 4.9e-08 6.9713e-09
424 4e-08 6.19677e-09
426 6.1e-08 7.82809e-09
428 3.4e-08 5.73097e-09
430 4.8e-08 6.75988e-09
432 3.8e-08 6.04616e-09
434 4.6e-08 6.91983e-09
436 3.8e-08 6.04616e-09
438 3.7e-08 5.96917e-09
440 4.2e-08 6.65101e-09
442 3.8e-08 6.20935e-09
444 3e-08 5.57674e-09
446 5.7e-08 7.46666e-09
448 3.9e-08 6.12201e-09
450 4.3e-08 6.4149e-09
452 3e-08 5.39444e-09
454 3.1e-08 5.6603e-09
456 2.2e-08 4.84933e-09
458 3.7e-08 5.96917e-09
460 3.4e-08 5.73097e-09
462 3e-08 5.75326e-09
464 1.9e-08 4.31729e-09
466 4e-08 6.3561e-09
468 2.6e-08 5.0323e-09
470 4.9e-08 6.9713e-09
472 3.5e-08 5.98122e-09
474 3e-08 5.39444e-09
476 2.2e-08 4.63853e-09
478 3.3e-08 5.99258e-09
480 2.1e-08 4.5342e-09
482 3.6e-08 6.22125e-09
484 3.6e-08 6.05838e-09
486 2.2e-08 4.63853e-09
488 3.8e-08 6.04616e-09
490 1.8e-08 4.20428e-09
492 3.2e-08 5.91405e-09
494 2.4e-08 5.04222e-09
496 3.3e-08 5.64898e-09
498 2.5e-08 4.9371e-09
500 3e-08 5.57674e-09
502 2.4e-08 4.83983e-09
504 2.2e-08 4.63853e-09
506 3e-08 5.39444e-09
508 1.9e-08 4.31729e-09
510 3.1e-08 5.48078e-09
512 2.8e-08 5.2169e-09
514 2.1e-08 4.5342e-09
516 2.1e-08 4.5342e-09
518 2.1e-08 4.5342e-09
520 2.7e-08 5.31705e-09
522 2.6e-08 5.0323e-09
524 2.8e-08 5.2169e-09
526 2.7e-08 5.12552e-09
528 2.1e-08 4.5342e-09
530 2.6e-08 5.0323e-09
532 2.7e-08 5.31705e-09
534 2.3e-08 4.74036e-09
536 2.2e-08 4.63853e-09
538 1.7e-08 4.08791e-09
540 2.1e-08 4.5342e-09
542 2.7e-08 5.31705e-09
544 2e-08 4.42719e-09
546 2.4e-08 5.04222e-09
548 2.4e-08 4.83983e-09
550 1.9e-08 4.54302e-09
552 1.7e-08 4.08791e-09
554 1.8e-08 4.43576e-09
556 2.8e-08 5.2169e-09
558 1.4e-08 3.71537e-09
560 2.2e-08 4.63853e-09
562 2.4e-08 5.04222e-09
564 2.5e-08 5.13566e-09
566 2.1e-08 4.5342e-09
568 1.8e-08 4.20428e-09
570 1.7e-08 4.08791e-09
572 2e-08 4.42719e-09
574 1.7e-08 4.08791e-09
576 1.5e-08 4.09573e-09
578 1.7e-08 4.08791e-09
580 2e-08 4.42719e-09
582 1.2e-08 3.44325e-09
584 1.3e-08 3.8511e-09
586 2.5e-08 4.9371e-09
588 1.7e-08 4.08791e-09
590 1.9e-08 4.54302e-09
592 1.8e-08 4.43576e-09
594 1.8e-08 4.20428e-09
596 2.3e-08 4.74036e-09
598 1.7e-08 4.08791e-09
600 1.8e-08 4.20428e-09
602 1.7e-08 4.08791e-09
604 1.5e-08 3.84383e-09
606 1.4e-08 3.71537e-09
608 1.4e-08 3.71537e-09
610 1.5e-08 3.84383e-09
612 2.1e-08 4.5342e-09
614 9e-09 2.98647e-09
616 2.1e-08 4.5342e-09
618 1.4e-08 3.71537e-09
620 1.1e-08 3.29833e-09
622 1.3e-08 3.58204e-09
624 9e-09 2.98647e-09
626 2e-08 4.42719e-09
628 1.4e-08 3.71537e-09
630 1.2e-08 3.44325e-09
632 1.3e-08 3.58204e-09
634 1.3e-08 3.58204e-09
636 1.8e-08 4.20428e-09
638 1.4e-08 3.71537e-09
640 1.9e-08 4.31729e-09
642 1.3e-08 3.58204e-09
644 1.2e-08 3.44325e-09
646 9e-09 2.98647e-09
648 1e-08 3.14643e-09
650 1.3e-08 3.58204e-09
652 1.1e-08 3.29833e-09
654 9e-09 2.98647e-09
656 1.3e-08 3.58204e-09
658 8e-09 2.81709e-09
660 2e-08 4.42719e-09
662 1.3e-08 3.58204e-09
664 2.1e-08 4.74963e-09
666 1.3e-08 3.58204e-09
668 1.7e-08 4.08791e-09
670 1e-08 3.14643e-09
672 1.6e-08 4.21236e-09
674 1.5e-08 3.84383e-09
676 1e-08 3.14643e-09
678 1.1e-08 3.29833e-09
680 8e-09 2.81709e-09
682 1.2e-08 3.44325e-09
684 9e-09 2.98647e-09
686 1.5e-08 4.09573e-09
688 9e-09 2.98647e-09
690 1.8e-08 4.20428e-09
692 6e-09 2.44213e-09
694 1.2e-08 3.44325e-09
696 1.3e-08 3.58204e-09
698 1.1e-08 3.29833e-09
700 1.4e-08 3.71537e-09
702 1.1e-08 3.29833e-09
704 7e-09 2.63647e-09
706 1.2e-08 3.44325e-09
708 9e-09 2.98647e-09
710 1.3e-08 3.58204e-09
712 1e-08 3.14643e-09
714 7e-09 2.63647e-09
716 8e-09 2.81709e-09
718 5e-09 2.23047e-09
720 1.5e-08 3.84383e-09
722 8e-09 2.81709e-09
724 1.2e-08 3.44325e-09
726 7e-09 2.63647e-09
728 1.2e-08 3.44325e-09
730 7e-09 2.63647e-09
732 8e-09 2.81709e-09
734 1e-08 3.14643e-09
736 1.5e-08 3.84383e-09
738 1e-08 3.14643e-09
740 1e-08 3.14643e-09
742 6e-09 2.44213e-09
744 1e-08 3.14643e-09
746 1.1e-08 3.29833e-09
748 1.2e-08 3.44325e-09
750 9e-09 2.98647e-09
752 1.4e-08 3.71537e-09
754 9e-09 2.98647e-09
756 7e-09 2.63647e-09
758 1e-08 3.14643e-09
760 5e-09 2.23047e-09
762 1.3e-08 3.58204e-09
764 8e-09 2.81709e-09
766 1e-08 3.14643e-09
768 6e-09 2.44213e-09
770 6e-09 2.44213e-09
772 1e-08 3.14643e-09
774 6e-09 2.44213e-09
776 1.3e-08 3.58204e-09
778 5e-09 2.23047e-09
780 9e-09 2.98647e-09
782 1.1e-08 3.29833e-09
784 9e-09 2.98647e-09
786 7e-09 2.63647e-09
788 1.1e-08 3.29833e-09
790 1.3e-08 3.58204e-09
792 1.4e-08 3.97542e-09
794 1.1e-08 3.29833e-09
796 8e-09 2.81709e-09
798 5e-09 2.23047e-09
800 9e-09 2.98647e-09
802 3e-09 1.72945e-09
804 1.1e-08 3.29833e-09
806 4e-09 2.44622e-09
808 1.5e-08 3.84383e-09
810 1e-08 3.44964e-09
812 6e-09 2.44213e-09
814 1.4e-08 3.97542e-09
816 1.2e-08 3.44325e-09
818 9e-09 2.98647e-09
820 5e-09 2.64102e-09
822 7e-09 2.63647e-09
824 5e-09 2.23047e-09
826 7e-09 2.63647e-09
828 8e-09 2.81709e-09
830 6e-09 2.44213e-09
832 1.1e-08 3.29833e-09
834 6e-09 2.44213e-09
836 7e-09 2.63647e-09
838 7e-09 2.63647e-09
840 6e-09 2.44213e-09
842 7e-09 2.63647e-09
844 1.1e-08 3.29833e-09
846 1.1e-08 3.29833e-09
848 7e-09 2.63647e-09
850 4e-09 1.996e-09
852 4e-09 1.996e-09
854 4e-09 1.996e-09
856 5e-09 2.23047e-09
858 5e-09 2.23047e-09
860 7e-09 2.63647e-09
862 8e-09 2.81709e-09
864 5e-09 2.23047e-09
866 9e-09 2.98647e-09
868 3e-09 1.72945e-09
870 4e-09 1.996e-09
872 3e-09 1.72945e-09
874 7e-09 2.63647e-09
876 1e-08 3.14643e-09
878 6e-09 2.44213e-09
880 7e-09 2.63647e-09
882 6e-09 2.44213e-09
884 2e-09 1.4128e-09
886 3e-09 1.72945e-09
888 7e-09 2.63647e-09
890 7e-09 2.63647e-09
892 1e-09 9.995e-10
894 8e-09 2.81709e-09
896 1e-09 9.995e-10
898 9e-09 2.98647e-09
900 1.2e-08 3.44325e-09
902 1.1e-08 3.29833e-09
904 7e-09 2.63647e-09
906 4e-09 1.996e-09
908 3e-09 1.72945e-09
910 4e-09 1.996e-09
912 6e-09 2.44213e-09
914 4e-09 1.996e-09
916 5e-09 2.23047e-09
918 1e-08 3.14643e-09
920 3e-09 1.72945e-09
922 5e-09 2.23047e-09
924 6e-09 2.44213e-09
926 8e-09 2.81709e-09
928 3e-09 1.72945e-09
930 7e-09 2.63647e-09
932 4e-09 1.996e-09
934 5e-09 2.23047e-09
936 5e-09 2.23047e-09
938 2e-09 1.4128e-09
940 6e-09 2.44213e-09
942 3e-09 1.72945e-09
944 8e-09 2.81709e-09
946 2e-09 1.4128e-09
948 1e-08 3.14643e-09
950 4e-09 1.996e-09
952 5e-09 2.23047e-09
954 5e-09 2.23047e-09
956 8e-09 2.81709e-09
958 5e-09 2.23047e-09
960 3e-09 1.72945e-09
962 8e-09 2.81709e-09
964 6e-09 2.44213e-09
966 5e-09 2.23047e-09
968 9e-09 2.98647e-09
970 3e-09 1.72945e-09
972 1e-09 9.995e-10
974 2e-09 1.4128e-09
976 5e-09 2.23047e-09
978 6e-09 2.44213e-09
980 5e-09 2.23047e-09
982 5e-09 2.23047e-09
984 5e-09 2.23047e-09
986 4e-09 1.996e-09
988 5e-09 2.23047e-09
990 5e-09 2.23047e-09
992 6e-09 2.44213e-09
994 2e-09 1.4128e-09
996 6e-09 2.44213e-09
998 4e-09 1.996e-09
1000 7e-09 2.63647e-09
1002 3e-09 1.72945e-09
1004 1e-08 3.14643e-09
1006 2e-09 1.4128e-09
1008 2e-09 1.4128e-09
1010 4e-09 1.996e-09
1012 2e-09 1.4128e-09
1014 4e-09 1.996e-09
1016 4e-09 1.996e-09
1018 2e-09 1.4128e-09
1020 3e-09 1.72945e-09
1022 4e-09 1.996e-09
1024 4e-09 1.996e-09
1026 2e-09 1.4128e-09
1028 5e-09 2.23047e-09
1030 6e-09 2.44213e-09
1032 3e-09 1.72945e-09
1034 3e-09 1.72945e-09
1036 2e-09 1.4128e-09
1038 5e-09 2.23047e-09
1040 4e-09 1.996e-09
1042 4e-09 1.996e-09
1044 2e-09 1.4128e-09
1046 4e-09 1.996e-09
1048 2e-09 1.4128e-09
1050 2e-09 1.4128e-09
1052 6e-09 2.44213e-09
1054 5e-09 2.23047e-09
1056 4e-09 1.996e-09
1058 5e-09 2.23047e-09
1060 5e-09 2.23047e-09
1062 1e-09 9.995e-10
1064 5e-09 2.23047e-09
1066 5e-09 2.23047e-09
1068 4e-09 1.996e-09
1070 5e-09 2.23047e-09
1072 3e-09 1.72945e-09
1074 4e-09 1.996e-09
1076 6e-09 2.44213e-09
1078 4e-09 1.996e-09
1080 5e-09 2.23047e-09
1082 2e-09 1.4128e-09
1084 5e-09 2.23047e-09
1086 5e-09 2.23047e-09
1088 3e-09 1.72945e-09
1090 3e-09 1.72945e-09
1092 2e-09 1.4128e-09
1094 2e-09 1.4128e-09
1096 3e-09 1.72945e-09
1098 2e-09 1.4128e-09
1100 7e-09 2.63647e-09
1102 4e-09 1.996e-09
1104 5e-09 2.23047e-09
1106 1.2e-08 3.44325e-09
1108 5e-09 2.23047e-09
1110 4e-09 1.996e-09
1112 5e-09 2.23047e-09
1118 1e-09 9.995e-10
1120 4e-09 1.996e-09
1122 2e-09 1.4128e-09
1124 3e-09 1.72945e-09
1126 2e-09 1.4128e-09
1128 4e-09 1.996e-09
1130 3e-09 1.72945e-09
1132 4e-09 1.996e-09
1134 5e-09 2.23047e-09
1136 1e-09 9.995e-10
1138 4e-09 1.996e-09
1140 2e-09 1.4128e-09
1142 7e-09 2.63647e-09
1144 3e-09 1.72945e-09
1146 4e-09 1.996e-09
1148 3e-09 1.72945e-09
1152 3e-09 1.72945e-09
1154 1e-09 9.995e-10
1156 3e-09 1.72945e-09
1158 2e-09 1.4128e-09
1160 5e-09 2.23047e-09
1162 5e-09 2.23047e-09
1164 3e-09 1.72945e-09
1166 2e-09 1.4128e-09
1168 3e-09 1.72945e-09
1170 4e-09 1.996e-09
1172 4e-09 1.996e-09
1174 2e-09 1.4128e-09
1176 2e-09 1.4128e-09
1178 2e-09 1.4128e-09
1180 1e-09 9.995e-10
1182 1e-09 9.995e-10
1184 3e-09 1.72945e-09
1186 2e-09 1.4128e-09
1188 3e-09 1.72945e-09
1190 3e-09 1.72945e-09
1192 5e-09 2.23047e-09
1194 6e-09 2.44213e-09
1196 6e-09 2.44213e-09
1198 4e-09 1.996e-09
1200 6e-09 2.44213e-09
1202 1e-09 9.995e-10
1204 3e-09 1.72945e-09
1206 3e-09 1.72945e-09
1208 4e-09 1.996e-09
1210 2e-09 1.4128e-09
1212 5e-09 2.23047e-09
1214 3e-09 1.72945e-09
1216 4e-09 1.996e-09
1218 5e-09 2.23047e-09
1220 5e-09 2.23047e-09
1222 3e-09 1.72945e-09
1224 1e-09 9.995e-10
1226 2e-09 1.4128e-09
1228 4e-09 1.996e-09
1230 5e-09 2.23047e-09
1232 1e-09 9.995e-10
1234 3e-09 1.72945e-09
1236 3e-09 1.72945e-09
1238 3e-09 1.72945e-09
1240 3e-09 1.72945e-09
1242 4e-09 1.996e-09
1246 3e-09 1.72945e-09
1248 1e-09 9.995e-10
1250 4e-09 1.996e-09
1252 3e-09 1.72945e-09
1254 6e-09 2.44213e-09
1256 3e-09 1.72945e-09
1258 2e-09 1.4128e-09
1262 4e-09 1.996e-09
1264 3e-09 1.72945e-09
1266 4e-09 1.996e-09
1268 4e-09 1.996e-09
1270 4e-09 1.996e-09
1272 4e-09 1.996e-09
1276 7e-09 2.63647e-09
1278 2e-09 1.4128e-09
1280 1e-09 9.995e-10
1282 6e-09 2.44213e-09
1284 3e-09 1.72945e-09
1286 2e-09 1.4128e-09
1288 1e-09 9.995e-10
1290 2e-09 1.4128e-09
1292 3e-09 1.72945e-09
1294 3e-09 1.72945e-09
1296 4e-09 1.996e-09
1298 1e-09 9.995e-10
1300 3e-09 1.72945e-09
1302 2e-09 1.4128e-09
1306 1e-09 9.995e-10
1308 5e-09 2.23047e-09
1310 2e-09 1.4128e-09
1312 2e-09 1.4128e-09
1314 4e-09 1.996e-09
1316 2e-09 1.4128e-09
1318 1e-09 9.995e-10
1322 1e-09 9.995e-10
1324 3e-09 1.72945e-09
1326 2e-09 1.4128e-09
1330 2e-09 1.4128e-09
1332 2e-09 1.4128e-09
1334 3e-09 1.72945e-09
1336 3e-09 1.72945e-09
1338 1e-09 9.995e-10
1340 2e-09 1.4128e-09
1342 2e-09 1.4128e-09
1344 2e-09 1.4128e-09
1346 4e-09 1.996e-09
1348 2e-09 1.4128e-09
1350 3e-09 1.72945e-09
1352 1e-09 9.995e-10
1354 3e-09 1.72945e-09
1358 3e-09 1.72945e-09
1360 2e-09 1.4128e-09
1362 2e-09 1.4128e-09
1364 4e-09 1.996e-09
1366 1e-09 9.995e-10
1368 2e-09 1.4128e-09
1370 5e-09 2.23047e-09
1372 2e-09 1.4128e-09
1374 2e-09 1.4128e-09
1378 1e-09 9.995e-10
1380 3e-09 1.72945e-09
1382 2e-09 1.4128e-09
1384 1e-09 9.995e-10
1386 2e-09 1.4128e-09
1388 3e-09 1.72945e-09
1390 1e-09 9.995e-10
1392 3e-09 2.23405e-09
1394 3e-09 1.72945e-09
1396 1e-09 9.995e-10
1400 1e-09 9.995e-10
1402 6e-09 2.44213e-09
1404 2e-09 1.4128e-09
1406 1e-09 9.995e-10
1408 1e-09 9.995e-10
1410 2e-09 1.4128e-09
1412 3e-09 1.72945e-09
1414 2e-09 1.4128e-09
1416 4e-09 1.996e-09
1418 2e-09 1.4128e-09
1420 3e-09 1.72945e-09
1422 2e-09 1.4128e-09
1424 1e-09 9.995e-10
1426 1e-09 9.995e-10
1428 1e-09 9.995e-10
1430 1e-09 9.995e-10
1432 3e-09 1.72945e-09
1434 1e-09 9.995e-10
1436 6e-09 2.44213e-09
1438 3e-09 1.72945e-09
1440 3e-09 1.72945e-09
1444 1e-09 9.995e-10
1446 2e-09 1.4128e-09
1448 2e-09 1.4128e-09
1452 3e-09 1.72945e-09
1454 2e-09 1.4128e-09
1456 1e-09 9.995e-10
1458 1e-09 9.995e-10
1460 1e-09 9.995e-10
1462 2e-09 1.4128e-09
1464 3e-09 1.72945e-09
1468 1e-09 9.995e-10
1470 2e-09 1.4128e-09
1472 5e-09 2.23047e-09
1474 1e-09 9.995e-10
1476 2e-09 1.4128e-09
1480 2e-09 1.4128e-09
1484 2e-09 1.4128e-09
1486 1e-09 9.995e-10
1488 1e-09 9.995e-10
1490 4e-09 1.996e-09
1492 1e-09 9.995e-10
1494 1e-09 9.995e-10
1496 3e-09 1.72945e-09
1498 2e-09 1.4128e-09
1500 1e-09 9.995e-10
1502 4e-09 1.996e-09
1504 4e-09 1.996e-09
1506 1e-09 9.995e-10
1508 2e-09 1.4128e-09
1512 1e-09 9.995e-10
1518 1e-09 9.995e-10
1520 1e-09 9.995e-10
1522 2e-09 1.4128e-09
1526 3e-09 1.72945e-09
1530 1e-09 9.995e-10
1532 3e-09 1.72945e-09
1534 3e-09 1.72945e-09
1536 1e-09 9.995e-10
1538 1e-09 9.995e-10
1540 2e-09 1.4128e-09
1542 2e-09 1.4128e-09
1552 2e-09 1.4128e-09
1554 1e-09 9.995e-10
1556 2e-09 1.4128e-09
1558 1e-09 9.995e-10
1560 1e-09 9.995e-10
1562 3e-09 1.72945e-09
1564 1e-09 9.995e-10
1566 1e-09 9.995e-10
1568 2e-09 1.4128e-09
1574 1e-09 9.995e-10
1576 2e-09 1.4128e-09
1578 2e-09 1.4128e-09
1580 2e-09 1.4128e-09
1582 2e-09 1.4128e-09
1584 2e-09 1.4128e-09
1588 2e-09 1.4128e-09
1590 1e-09 9.995e-10
1592 2e-09 1.4128e-09
1594 1e-09 9.995e-10
1596 1e-09 9.995e-10
1600 3e-09 1.72945e-09
1602 1e-09 9.995e-10
1604 1e-09 9.995e-10
1606 1e-09 9.995e-10
1608 1e-09 9.995e-10
1612 1e-09 9.995e-10
1614 2e-09 1.4128e-09
1616 1e-09 9.995e-10
1618 1e-09 9.995e-10
1624 1e-09 9.995e-10
1626 2e-09 1.4128e-09
1628 1e-09 9.995e-10
1630 3e-09 1.72945e-09
1634 7e-09 2.63647e-09
1636 1e-09 9.995e-10
1638 1e-09 9.995e-10
1642 1e-09 9.995e-10
1646 1e-09 9.995e-10
1648 1e-09 9.995e-10
1650 3e-09 1.72945e-09
1652 2e-09 1.4128e-09
1654 2e-09 1.4128e-09
1656 4e-09 1.996e-09
1658 4e-09 1.996e-09
1660 1e-09 9.995e-10
1662 2e-09 1.4128e-09
1664 1e-09 9.995e-10
1666 2e-09 1.4128e-09
1668 1e-09 9.995e-10
1670 3e-09 1.72945e-09
1672 2e-09 1.4128e-09
1676 1e-09 9.995e-10
1678 2e-09 1.4128e-09
1680 1e-09 9.995e-10
1684 1e-09 9.995e-10
1686 1e-09 9.995e-10
1690 3e-09 1.72945e-09
1694 1e-09 9.995e-10
1696 2e-09 1.4128e-09
1698 1e-09 9.995e-10
1700 1e-09 9.995e-10
1702 2e-09 1.4128e-09
1704 1e-09 9.995e-10
1710 1e-09 9.995e-10
1712 1e-09 9.995e-10
1714 5e-09 2.23047e-09
1716 4e-09 1.996e-09
1718 4e-09 1.996e-09
1720 3e-09 1.72945e-09
1722 1e-09 9.995e-10
1724 3e-09 1.72945e-09
1726 1e-09 9.995e-10
1728 4e-09 1.996e-09
1730 2e-09 1.4128e-09
1734 3e-09 1.72945e-09
1736 3e-09 1.72945e-09
1738 1e-09 9.995e-10
1746 2e-09 1.4128e-09
1750 1e-09 9.995e-10
1752 1e-09 9.995e-10
1758 3e-09 1.72945e-09
1762 2e-09 1.4128e-09
1764 2e-09 1.4128e-09
1766 2e-09 1.4128e-09
1768 1e-09 9.995e-10
1770 1e-09 9.995e-10
1772 1e-09 9.995e-10
1774 3e-09 1.72945e-09
1776 4e-09 1.996e-09
1780 1e-09 9.995e-10
1782 2e-09 1.4128e-09
1784 2e-09 1.4128e-09
1788 2e-09 1.4128e-09
1794 2e-09 1.4128e-09
1796 3e-09 1.72945e-09
1798 2e-09 1.4128e-09
1800 3e-09 1.72945e-09
1802 1e-09 9.995e-10
1804 1e-09 9.995e-10
1806 1e-09 9.995e-10
1810 1e-09 9.995e-10
1816 2e-09 1.4128e-09
1822 4e-09 1.996e-09
1830 2e-09 1.4128e-09
1834 2e-09 1.4128e-09
1836 1e-09 9.995e-10
1840 3e-09 1.72945e-09
1842 2e-09 1.4128e-09
1844 1e-09 9.995e-10
1846 1e-09 9.995e-10
1848 2e-09 1.4128e-09
1856 2e-09 1.4128e-09
1860 5e-09 2.23047e-09
1868 1e-09 9.995e-10
1870 1e-09 9.995e-10
1872 1e-09 9.995e-10
1876 1e-09 9.995e-10
1878 1e-09 9.995e-10
1880 1e-09 9.995e-10
1882 2e-09 1.4128e-09
1884 1e-09 9.995e-10
1888 1e-09 9.995e-10
1892 1e-09 9.995e-10
1894 1e-09 9.995e-10
1902 1e-09 9.995e-10
1906 1e-09 9.995e-10
1912 1e-09 9.995e-10
1920 1e-09 9.995e-10
1932 1e-09 9.995e-10
1934 2e-09 1.4128e-09
1938 1e-09 9.995e-10
1940 2e-09 1.4128e-09
1944 1e-09 9.995e-10
1946 2e-09 1.4128e-09
1952 1e-09 9.995e-10
1954 2e-09 1.4128e-09
1960 1e-09 9.995e-10
1964 2e-09 1.4128e-09
1966 2e-09 1.4128e-09
1970 3e-09 1.72945e-09
1972 1e-09 9.995e-10
1976 2e-09 1.4128e-09
1980 1e-09 9.995e-10
1982 1e-09 9.995e-10
1984 3e-09 1.72945e-09
1990 2e-09 1.4128e-09
1992 2e-09 1.4128e-09
1996 2e-09 1.4128e-09
1998 1e-09 9.995e-10
2004 2e-09 1.4128e-09
2010 1e-09 9.995e-10
2012 1e-09 9.995e-10
2014 1e-09 9.995e-10
2018 1e-09 9.995e-10
2020 1e-09 9.995e-10
2024 1e-09 9.995e-10
2028 3e-09 1.72945e-09
2034 2e-09 1.4128e-09
2040 3e-09 1.72945e-09
2046 1e-09 9.995e-10
2052 1e-09 9.995e-10
2054 1e-09 9.995e-10
2056 3e-09 1.72945e-09
2058 1e-09 9.995e-10
2060 1e-09 9.995e-10
2062 1e-09 9.995e-10
2066 1e-09 9.995e-10
2074 2e-09 1.4128e-09
2076 1e-09 9.995e-10
2078 4e-09 1.996e-09
2082 3e-09 1.72945e-09
2086 1e-09 9.995e-10
2088 2e-09 1.4128e-09
2090 1e-09 9.995e-10
2092 2e-09 1.4128e-09
2094 1e-09 9.995e-10
2096 1e-09 9.995e-10
2098 2e-09 1.4128e-09
2106 2e-09 1.4128e-09
2112 1e-09 9.995e-10
2114 3e-09 1.72945e-09
2120 1e-09 9.995e-10
2122 1e-09 9.995e-10
2130 1e-09 9.995e-10
2132 1e-09 9.995e-10
2134 1e-09 9.995e-10
2136 2e-09 1.4128e-09
2138 1e-09 9.995e-10
2142 1e-09 9.995e-10
2146 1e-09 9.995e-10
2152 1e-09 9.995e-10
2156 1e-09 9.995e-10
2166 1e-09 9.995e-10
2168 1e-09 9.995e-10
2170 2e-09 1.4128e-09
2172 1e-09 9.995e-10
2174 1e-09 9.995e-10
2176 2e-09 1.4128e-09
2180 2e-09 1.4128e-09
2184 1e-09 9.995e-10
2186 1e-09 9.995e-10
2188 2e-09 1.4128e-09
2190 1e-09 9.995e-10
2194 2e-09 1.4128e-09
2196 1e-09 9.995e-10
2200 1e-09 9.995e-10
2202 1e-09 9.995e-10
2208 3e-09 1.72945e-09
2212 3e-09 1.72945e-09
2216 1e-09 9.995e-10
2220 1e-09 9.995e-10
2222 1e-09 9.995e-10
2226 1e-09 9.995e-10
2228 1e-09 9.995e-10
2230 1e-09 9.995e-10
2238 1e-09 9.995e-10
2242 4e-09 1.996e-09
2244 1e-09 9.995e-10
2246 2e-09 1.4128e-09
2250 2e-09 1.4128e-09
2252 1e-09 9.995e-10
2256 1e-09 9.995e-10
2258 2e-09 1.4128e-09
2264 2e-09 1.4128e-09
2272 2e-09 1.4128e-09
2282 2e-09 1.4128e-09
2284 1e-09 9.995e-10
2288 2e-09 1.4128e-09
2290 1e-09 9.995e-10
2292 1e-09 9.995e-10
2294 1e-09 9.995e-10
2298 2e-09 1.4128e-09
2300 1e-09 9.995e-10
2316 1e-09 9.995e-10
2336 3e-09 1.72945e-09
2340 1e-09 9.995e-10
2342 1e-09 9.995e-10
2346 1e-09 9.995e-10
2348 1e-09 9.995e-10
2350 3e-09 1.72945e-09
2354 3e-09 1.72945e-09
2356 1e-09 9.995e-10
2358 3e-09 1.72945e-09
2378 2e-09 1.4128e-09
2384 1e-09 9.995e-10
2388 1e-09 9.995e-10
2390 1e-09 9.995e-10
2392 1e-09 9.995e-10
2396 1e-09 9.995e-10
2400 3e-09 1.72945e-09
2402 1e-09 9.995e-10
2404 3e-09 1.72945e-09
2406 1e-09 9.995e-10
2408 1e-09 9.995e-10
2410 1e-09 9.995e-10
2412 1e-09 9.995e-10
2414 1e-09 9.995e-10
2422 3e-09 1.72945e-09
2426 1e-09 9.995e-10
2428 1e-09 9.995e-10
2438 1e-09 9.995e-10
2440 1e-09 9.995e-10
2442 1e-09 9.995e-10
2444 1e-09 9.995e-10
2446 1e-09 9.995e-10
2448 1e-09 9.995e-10
2454 2e-09 1.4128e-09
2456 1e-09 9.995e-10
2458 1e-09 9.995e-10
2464 2e-09 1.4128e-09
2472 2e-09 1.4128e-09
2476 1e-09 9.995e-10
2482 1e-09 9.995e-10
2484 1e-09 9.995e-10
2486 1e-09 9.995e-10
2490 1e-09 9.995e-10
2492 1e-09 9.995e-10
2494 2e-09 1.4128e-09
2500 1e-09 9.995e-10
2508 1e-09 9.995e-10
2510 1e-09 9.995e-10
2514 2e-09 1.4128e-09
2518 1e-09 9.995e-10
2520 1e-09 9.995e-10
2522 1e-09 9.995e-10
2524 4e-09 1.996e-09
2526 1e-09 9.995e-10
2530 1e-09 9.995e-10
2532 1e-09 9.995e-10
2534 1e-09 9.995e-10
2536 1e-09 9.995e-10
2542 1e-09 9.995e-10
2544 1e-09 9.995e-10
2554 1e-09 9.995e-10
2560 1e-09 9.995e-10
2564 1e-09 9.995e-10
2572 1e-09 9.995e-10
2578 2e-09 1.4128e-09
2586 1e-09 9.995e-10
2592 1e-09 9.995e-10
2594 1e-09 9.995e-10
2596 1e-09 9.995e-10
2598 1e-09 9.995e-10
2608 1e-09 9.995e-10
2610 1e-09 9.995e-10
2620 1e-09 9.995e-10
2628 1e-09 9.995e-10
2642 2e-09 1.4128e-09
2644 1e-09 9.995e-10
2652 1e-09 9.995e-10
2654 1e-09 9.995e-10
2658 1e-09 9.995e-10
2664 2e-09 1.4128e-09
2680 2e-09 1.4128e-09
2682 1e-09 9.995e-10
2686 1e-09 9.995e-10
2696 2e-09 1.4128e-09
2698 1e-09 9.995e-10
2702 1e-09 9.995e-10
2704 2e-09 1.4128e-09
2708 1e-09 9.995e-10
2712 2e-09 1.4128e-09
2718 1e-09 9.995e-10
2722 1e-09 9.995e-10
2724 1e-09 9.995e-10
2732 1e-09 9.995e-10
2734 2e-09 1.4128e-09
2736 1e-09 9.995e-10
2738 1e-09 9.995e-10
2746 1e-09 9.995e-10
2750 1e-09 9.995e-10
2752 1e-09 9.995e-10
2754 1e-09 9.995e-10
2760 1e-09 9.995e-10
2764 1e-09 9.995e-10
2772 1e-09 9.995e-10
2774 1e-09 9.995e-10
2780 1e-09 9.995e-10
2790 2e-09 1.4128e-09
2800 1e-09 9.995e-10
2804 1e-09 9.995e-10
2808 2e-09 1.4128e-09
2810 2e-09 1.4128e-09
2818 1e-09 9.995e-10
2828 2e-09 1.4128e-09
2830 1e-09 9.995e-10
2832 1e-09 9.995e-10
2836 1e-09 9.995e-10
2856 1e-09 9.995e-10
2858 1e-09 9.995e-10
2866 1e-09 9.995e-10
2868 1e-09 9.995e-10
2874 1e-09 9.995e-10
2886 1e-09 9.995e-10
2890 1e-09 9.995e-10
2894 1e-09 9.995e-10
2898 1e-09 9.995e-10
2908 2e-09 1.4128e-09
2920 1e-09 9.995e-10
2924 1e-09 9.995e-10
2930 1e-09 9.995e-10
2940 1e-09 9.995e-10
2942 1e-09 9.995e-10
2952 1e-09 9.995e-10
2956 1e-09 9.995e-10
2958 1e-09 9.995e-10
2966 1e-09 9.995e-10
2974 1e-09 9.995e-10
2976 1e-09 9.995e-10
2980 1e-09 9.995e-10
2982 1e-09 9.995e-10
2984 2e-09 1.4128e-09
2994 1e-09 9.995e-10
3006 1e-09 9.995e-10
3008 1e-09 9.995e-10
3016 1e-09 9.995e-10
3022 1e-09 9.995e-10
3024 1e-09 9.995e-10
3026 1e-09 9.995e-10
3032 1e-09 9.995e-10
3040 2e-09 1.4128e-09
3056 2e-09 1.4128e-09
3072 1e-09 9.995e-10
3086 1e-09 9.995e-10
3088 1e-09 9.995e-10
3092 1e-09 9.995e-10
3096 1e-09 9.995e-10
3100 1e-09 9.995e-10
3108 1e-09 9.995e-10
3120 1e-09 9.995e-10
3134 2e-09 1.4128e-09
3138 1e-09 9.995e-10
3144 2e-09 1.4128e-09
3146 1e-09 9.995e-10
3152 1e-09 9.995e-10
3158 1e-09 9.995e-10
3162 1e-09 9.995e-10
3172 1e-09 9.995e-10
3174 1e-09 9.995e-10
3186 1e-09 9.995e-10
3192 1e-09 9.995e-10
3196 1e-09 9.995e-10
3200 1e-09 9.995e-10
3214 1e-09 9.995e-10
3216 1e-09 9.995e-10
3236 1e-09 9.995e-10
3238 1e-09 9.995e-10
3246 1e-09 9.995e-10
3248 1e-09 9.995e-10
3252 1e-09 9.995e-10
3260 1e-09 9.995e-10
3262 1e-09 9.995e-10
3268 1e-09 9.995e-10
3270 1e-09 9.995e-10
3276 2e-09 1.4128e-09
3280 1e-09 9.995e-10
3284 1e-09 9.995e-10
3290 1e-09 9.995e-10
3294 1e-09 9.995e-10
3296 1e-09 9.995e-10
3300 1e-09 9.995e-10
3304 1e-09 9.995e-10
3318 1e-09 9.995e-10
3326 1e-09 9.995e-10
3334 1e-09 9.995e-10
3338 1e-09 9.995e-10
3348 1e-09 9.995e-10
3352 1e-09 9.995e-10
3354 1e-09 9.995e-10
3360 1e-09 9.995e-10
3362 1e-09 9.995e-10
3366 1e-09 9.995e-10
3368 1e-09 9.995e-10
3370 1e-09 9.995e-10
3372 2e-09 1.4128e-09
3376 1e-09 9.995e-10
3386 1e-09 9.995e-10
3390 1e-09 9.995e-10
3392 1e-09 9.995e-10
3394 1e-09 9.995e-10
3406 1e-09 9.995e-10
3412 1e-09 9.995e-10
3418 1e-09 9.995e-10
3420 2e-09 1.4128e-09
3446 1e-09 9.995e-10
3452 1e-09 9.995e-10
3460 1e-09 9.995e-10
3466 1e-09 9.995e-10
3470 2e-09 1.4128e-09
3490 1e-09 9.995e-10
3498 1e-09 9.995e-10
3500 1e-09 9.995e-10
3510 1e-09 9.995e-10
3526 2e-09 1.4128e-09
3530 2e-09 1.4128e-09
3534 1e-09 9.995e-10
3572 1e-09 9.995e-10
3576 1e-09 9.995e-10
3582 1e-09 9.995e-10
3594 1e-09 9.995e-10
3608 1e-09 9.995e-10
3616 1e-09 9.995e-10
3618 1e-09 9.995e-10
3620 1e-09 9.995e-10
3626 1e-09 9.995e-10
3628 1e-09 9.995e-10
3632 1e-09 9.995e-10
3646 1e-09 9.995e-10
3654 1e-09 9.995e-10
3666 2e-09 1.4128e-09
3670 1e-09 9.995e-10
3676 1e-09 9.995e-10
3682 1e-09 9.995e-10
3686 1e-09 9.995e-10
3694 1e-09 9.995e-10
3730 1e-09 9.995e-10
3732 1e-09 9.995e-10
3734 1e-09 9.995e-10
3736 1e-09 9.995e-10
3738 1e-09 9.995e-10
3750 1e-09 9.995e-10
3756 1e-09 9.995e-10
3766 1e-09 9.995e-10
3782 1e-09 9.995e-10
3796 1e-09 9.995e-10
3810 1e-09 9.995e-10
3816 1e-09 9.995e-10
3818 1e-09 9.995e-10
3826 1e-09 9.995e-10
3828 1e-09 9.995e-10
3832 2e-09 1.4128e-09
3834 1e-09 9.995e-10
3842 1e-09 9.995e-10
3858 1e-09 9.995e-10
3880 1e-09 9.995e-10
3882 1e-09 9.995e-10
3904 1e-09 9.995e-10
3916 2e-09 1.4128e-09
3928 1e-09 9.995e-10
3946 1e-09 9.995e-10
3964 2e-09 1.4128e-09
3978 2e-09 1.4128e-09
3996 1e-09 9.995e-10
4004 1e-09 9.995e-10
4006 1e-09 9.995e-10
4044 1e-09 9.995e-10
4046 1e-09 9.995e-10
4048 1e-09 9.995e-10
4050 1e-09 9.995e-10
4054 1e-09 9.995e-10
4074 1e-09 9.995e-10
4078 1e-09 9.995e-10
4082 1e-09 9.995e-10
4094 1e-09 9.995e-10
4096 1e-09 9.995e-10
4102 1e-09 9.995e-10
4116 3e-09 1.72945e-09
4120 1e-09 9.995e-10
4138 2e-09 1.4128e-09
4156 1e-09 9.995e-10
4174 1e-09 9.995e-10
4176 1e-09 9.995e-10
4182 1e-09 9.995e-10
4206 1e-09 9.995e-10
4212 2e-09 1.4128e-09
4220 1e-09 9.995e-10
4228 1e-09 9.995e-10
4246 1e-09 9.995e-10
4272 1e-09 9.995e-10
4274 1e-09 9.995e-10
4280 2e-09 1.4128e-09
4296 1e-09 9.995e-10
4300 1e-09 9.995e-10
4304 1e-09 9.995e-10
4306 1e-09 9.995e-10
4314 1e-09 9.995e-10
4322 1e-09 9.995e-10
4348 1e-09 9.995e-10
4354 1e-09 9.995e-10
4382 1e-09 9.995e-10
4390 1e-09 9.995e-10
4394 1e-09 9.995e-10
4400 1e-09 9.995e-10
4408 1e-09 9.995e-10
4422 1e-09 9.995e-10
4436 1e-09 9.995e-10
4444 2e-09 1.4128e-09
4452 1e-09 9.995e-10
4462 1e-09 9.995e-10
4464 1e-09 9.995e-10
4468 1e-09 9.995e-10
4494 1e-09 9.995e-10
4500 1e-09 9.995e-10
4504 1e-09 9.995e-10
4506 1e-09 9.995e-10
4514 1e-09 9.995e-10
4516 1e-09 9.995e-10
4530 1e-09 9.995e-10
4540 1e-09 9.995e-10
4556 1e-09 9.995e-10
4562 1e-09 9.995e-10
4566 1e-09 9.995e-10
4574 1e-09 9.995e-10
4582 1e-09 9.995e-10
4598 1e-09 9.995e-10
4624 1e-09 9.995e-10
4654 1e-09 9.995e-10
4662 1e-09 9.995e-10
4664 1e-09 9.995e-10
4666 1e-09 9.995e-10
4672 1e-09 9.995e-10
4678 1e-09 9.995e-10
4686 1e-09 9.995e-10
4696 1e-09 9.995e-10
4708 1e-09 9.995e-10
4722 2e-09 1.4128e-09
4724 1e-09 9.995e-10
4728 1e-09 9.995e-10
4732 1e-09 9.995e-10
4748 1e-09 9.995e-10
4766 1e-09 9.995e-10
4782 2e-09 1.4128e-09
4812 1e-09 9.995e-10
4826 2e-09 1.4128e-09
4832 1e-09 9.995e-10
4844 1e-09 9.995e-10
4846 1e-09 9.995e-10
4868 1e-09 9.995e-10
4872 1e-09 9.995e-10
4894 1e-09 9.995e-10
4902 1e-09 9.995e-10
4922 1e-09 9.995e-10
4938 1e-09 9.995e-10
4952 1e-09 9.995e-10
4976 1e-09 9.995e-10
4980 1e-09 9.995e-10
4998 1e-09 9.995e-10
5000 1e-09 9.995e-10
5004 1e-09 9.995e-10
5008 1e-09 9.995e-10
5014 1e-09 9.995e-10
5018 1e-09 9.995e-10
5064 1e-09 9.995e-10
5066 1e-09 9.995e-10
5068 1e-09 9.995e-10
5096 1e-09 9.995e-10
5100 1e-09 9.995e-10
5106 1e-09 9.995e-10
5108 1e-09 9.995e-10
5144 1e-09 9.995e-10
5150 1e-09 9.995e-10
5160 1e-09 9.995e-10
5166 1e-09 9.995e-10
5178 1e-09 9.995e-10
5190 2e-09 1.4128e-09
5254 1e-09 9.995e-10
5274 2e-09 1.4128e-09
5278 1e-09 9.995e-10
5286 2e-09 1.4128e-09
5288 1e-09 9.995e-10
5300 1e-09 9.995e-10
5308 1e-09 9.995e-10
5314 1e-09 9.995e-10
5324 1e-09 9.995e-10
5362 1e-09 9.995e-10
5394 1e-09 9.995e-10
5398 1e-09 9.995e-10
5410 1e-09 9.995e-10
5422 1e-09 9.995e-10
5426 1e-09 9.995e-10
5444 2e-09 1.4128e-09
5450 1e-09 9.995e-10
5454 1e-09 9.995e-10
5456 1e-09 9.995e-10
5458 1e-09 9.995e-10
5470 1e-09 9.995e-10
5498 1e-09 9.995e-10
5522 1e-09 9.995e-10
5532 1e-09 9.995e-10
5566 1e-09 9.995e-10
5576 1e-09 9.995e-10
5592 1e-09 9.995e-10
5596 1e-09 9.995e-10
5604 1e-09 9.995e-10
5622 1e-09 9.995e-10
5638 1e-09 9.995e-10
5646 1e-09 9.995e-10
5654 2e-09 1.4128e-09
5666 1e-09 9.995e-10
5694 1e-09 9.995e-10
5724 1e-09 9.995e-10
5738 1e-09 9.995e-10
5742 1e-09 9.995e-10
5746 1e-09 9.995e-10
5748 1e-09 9.995e-10
5756 1e-09 9.995e-10
5758 1e-09 9.995e-10
5772 1e-09 9.995e-10
5776 1e-09 9.995e-10
5800 1e-09 9.995e-10
5810 1e-09 9.995e-10
5818 1e-09 9.995e-10
5826 1e-09 9.995e-10
5834 1e-09 9.995e-10
5848 1e-09 9.995e-10
5852 1e-09 9.995e-10
5856 1e-09 9.995e-10
5858 1e-09 9.995e-10
5862 1e-09 9.995e-10
5864 1e-09 9.995e-10
5878 1e-09 9.995e-10
5882 1e-09 9.995e-10
5922 1e-09 9.995e-10
5930 1e-09 9.995e-10
5936 1e-09 9.995e-10
5940 1e-09 9.995e-10
5952 1e-09 9.995e-10
5960 1e-09 9.995e-10
5966 1e-09 9.995e-10
5976 1e-09 9.995e-10
5978 1e-09 9.995e-10
5992 1e-09 9.995e-10
5996 1e-09 9.995e-10
6056 1e-09 9.995e-10
6090 1e-09 9.995e-10
6092 1e-09 9.995e-10
6112 1e-09 9.995e-10
6128 2e-09 1.4128e-09
6132 1e-09 9.995e-10
6134 1e-09 9.995e-10
6178 1e-09 9.995e-10
6188 1e-09 9.995e-10
6192 1e-09 9.995e-10
6196 2e-09 1.4128e-09
6200 1e-09 9.995e-10
6212 1e-09 9.995e-10
6214 1e-09 9.995e-10
6230 1e-09 9.995e-10
6250 1e-09 9.995e-10
6260 1e-09 9.995e-10
6290 1e-09 9.995e-10
6294 1e-09 9.995e-10
6296 1e-09 9.995e-10
6314 3e-09 1.72945e-09
6316 1e-09 9.995e-10
6338 1e-09 9.995e-10
6352 1e-09 9.995e-10
6360 1e-09 9.995e-10
6362 1e-09 9.995e-10
6402 1e-09 9.995e-10
6406 1e-09 9.995e-10
6434 1e-09 9.995e-10
6448 2e-09 1.4128e-09
6464 1e-09 9.995e-10
6470 1e-09 9.995e-10
6502 1e-09 9.995e-10
6524 2e-09 1.4128e-09
6530 1e-09 9.995e-10
6558 1e-09 9.995e-10
6566 1e-09 9.995e-10
6598 1e-09 9.995e-10
6600 1e-09 9.995e-10
6602 1e-09 9.995e-10
6604 1e-09 9.995e-10
6628 1e-09 9.995e-10
6646 1e-09 9.995e-10
6648 1e-09 9.995e-10
6668 1e-09 9.995e-10
6674 1e-09 9.995e-10
6690 1e-09 9.995e-10
6758 1e-09 9.995e-10
6800 1e-09 9.995e-10
6802 1e-09 9.995e-10
6856 1e-09 9.995e-10
6922 1e-09 9.995e-10
6968 1e-09 9.995e-10
6980 1e-09 9.995e-10
6996 1e-09 9.995e-10
7002 2e-09 1.4128e-09
7010 1e-09 9.995e-10
7026 1e-09 9.995e-10
7068 1e-09 9.995e-10
7072 1e-09 9.995e-10
7074 1e-09 9.995e-10
7088 1e-09 9.995e-10
7102 1e-09 9.995e-10
7114 1e-09 9.995e-10
7122 1e-09 9.995e-10
7134 1e-09 9.995e-10
7160 1e-09 9.995e-10
7180 1e-09 9.995e-10
7182 1e-09 9.995e-10
7198 1e-09 9.995e-10
7212 2e-09 1.4128e-09
7230 1e-09 9.995e-10
7232 1e-09 9.995e-10
7280 1e-09 9.995e-10
7300 1e-09 9.995e-10
7306 1e-09 9.995e-10
7322 1e-09 9.995e-10
7352 1e-09 9.995e-10
7356 2e-09 1.4128e-09
7374 2e-09 1.4128e-09
7400 1e-09 9.995e-10
7408 1e-09 9.995e-10
7432 1e-09 9.995e-10
7442 1e-09 9.995e-10
7446 1e-09 9.995e-10
7448 1e-09 9.995e-10
7454 1e-09 9.995e-10
7516 1e-09 9.995e-10
7558 1e-09 9.995e-10
7600 1e-09 9.995e-10
7618 1e-09 9.995e-10
7676 1e-09 9.995e-10
7716 1e-09 9.995e-10
7766 1e-09 9.995e-10
7776 2e-09 1.4128e-09
7806 1e-09 9.995e-10
7814 1e-09 9.995e-10
7858 1e-09 9.995e-10
7898 1e-09 9.995e-10
7906 1e-09 9.995e-10
7912 1e-09 9.995e-10
7916 1e-09 9.995e-10
7928 1e-09 9.995e-10
7934 1e-09 9.995e-10
7976 1e-09 9.995e-10
7990 1e-09 9.995e-10
8014 1e-09 9.995e-10
8016 1e-09 9.995e-10
8028 1e-09 9.995e-10
8048 1e-09 9.995e-10
8096 2e-09 1.4128e-09
8118 1e-09 9.995e-10
8120 1e-09 9.995e-10
8132 1e-09 9.995e-10
8166 1e-09 9.995e-10
8174 1e-09 9.995e-10
8184 1e-09 9.995e-10
8188 1e-09 9.995e-10
8204 1e-09 9.995e-10
8214 1e-09 9.995e-10
8232 2e-09 1.4128e-09
8242 1e-09 9.995e-10
8246 1e-09 9.995e-10
8268 1e-09 9.995e-10
8298 1e-09 9.995e-10
8310 1e-09 9.995e-10
8342 2e-09 1.4128e-09
8350 1e-09 9.995e-10
8354 1e-09 9.995e-10
8420 1e-09 9.995e-10
8424 1e-09 9.995e-10
8434 1e-09 9.995e-10
8436 1e-09 9.995e-10
8452 1e-09 9.995e-10
8478 1e-09 9.995e-10
8512 1e-09 9.995e-10
8516 1e-09 9.995e-10
8536 1e-09 9.995e-10
8540 1e-09 9.995e-10
8542 1e-09 9.995e-10
8600 1e-09 9.995e-10
8618 1e-09 9.995e-10
8636 1e-09 9.995e-10
8712 1e-09 9.995e-10
8746 1e-09 9.995e-10
8792 1e-09 9.995e-10
8798 1e-09 9.995e-10
8844 1e-09 9.995e-10
8852 1e-09 9.995e-10
8858 1e-09 9.995e-10
8866 1e-09 9.995e-10
8904 1e-09 9.995e-10
8914 1e-09 9.995e-10
8940 1e-09 9.995e-10
8960 1e-09 9.995e-10
8974 1e-09 9.995e-10
8978 1e-09 9.995e-10
9012 1e-09 9.995e-10
9016 1e-09 9.995e-10
9074 1e-09 9.995e-10
9080 1e-09 9.995e-10
9108 1e-09 9.995e-10
9110 1e-09 9.995e-10
9114 1e-09 9.995e-10
9176 1e-09 9.995e-10
9254 1e-09 9.995e-10
9294 2e-09 1.4128e-09
9304 1e-09 9.995e-10
9312 1e-09 9.995e-10
9316 1e-09 9.995e-10
9326 1e-09 9.995e-10
9328 1e-09 9.995e-10
9360 1e-09 9.995e-10
9386 1e-09 9.995e-10
9392 2e-09 1.4128e-09
9444 1e-09 9.995e-10
9448 1e-09 9.995e-10
9452 1e-09 9.995e-10
9462 1e-09 9.995e-10
9496 1e-09 9.995e-10
9538 1e-09 9.995e-10
9596 1e-09 9.995e-10
9614 1e-09 9.995e-10
9632 1e-09 9.995e-10
9696 1e-09 9.995e-10
9698 1e-09 9.995e-10
9730 1e-09 9.995e-10
9770 1e-09 9.995e-10
9798 1e-09 9.995e-10
9832 1e-09 9.995e-10
9892 1e-09 9.995e-10
10040 1e-09 9.995e-10
10088 1e-09 9.995e-10
10174 1e-09 9.995e-10
10204 1e-09 9.995e-10
10298 1e-09 9.995e-10
10332 1e-09 9.995e-10
10342 1e-09 9.995e-10
10372 1e-09 9.995e-10
10380 1e-09 9.995e-10
10384 1e-09 9.995e-10
10386 1e-09 9.995e-10
10388 1e-09 9.995e-10
10392 1e-09 9.995e-10
10396 1e-09 9.995e-10
10398 1e-09 9.995e-10
10424 2e-09 1.4128e-09
10426 1e-09 9.995e-10
10442 1e-09 9.995e-10
10466 1e-09 9.995e-10
10484 1e-09 9.995e-10
10512 1e-09 9.995e-10
10520 1e-09 9.995e-10
10578 1e-09 9.995e-10
10580 1e-09 9.995e-10
10650 1e-09 9.995e-10
10686 1e-09 9.995e-10
10742 1e-09 9.995e-10
10754 1e-09 9.995e-10
10818 1e-09 9.995e-10
10822 1e-09 9.995e-10
10848 1e-09 9.995e-10
10868 1e-09 9.995e-10
10910 1e-09 9.995e-10
10920 1e-09 9.995e-10
10942 1e-09 9.995e-10
11014 1e-09 9.995e-10
11030 2e-09 1.4128e-09
11038 1e-09 9.995e-10
11048 1e-09 9.995e-10
11074 1e-09 9.995e-10
11092 1e-09 9.995e-10
11096 1e-09 9.995e-10
11120 1e-09 9.995e-10
11132 1e-09 9.995e-10
11146 1e-09 9.995e-10
11194 1e-09 9.995e-10
11230 1e-09 9.995e-10
11254 1e-09 9.995e-10
11260 1e-09 9.995e-10
11292 1e-09 9.995e-10
11306 1e-09 9.995e-10
11316 1e-09 9.995e-10
11502 1e-09 9.995e-10
11548 1e-09 9.995e-10
11558 1e-09 9.995e-10
11566 1e-09 9.995e-10
11572 1e-09 9.995e-10
11584 1e-09 9.995e-10
11612 1e-09 9.995e-10
11626 1e-09 9.995e-10
11648 1e-09 9.995e-10
11688 1e-09 9.995e-10
11748 1e-09 9.995e-10
11764 1e-09 9.995e-10
11784 1e-09 9.995e-10
11828 1e-09 9.995e-10
11934 1e-09 9.995e-10
11946 1e-09 9.995e-10
11958 1e-09 9.995e-10
11994 1e-09 9.995e-10
12014 1e-09 9.995e-10
12040 1e-09 9.995e-10
12058 1e-09 9.995e-10
12066 1e-09 9.995e-10
12106 1e-09 9.995e-10
12160 1e-09 9.995e-10
12190 1e-09 9.995e-10
12214 1e-09 9.995e-10
12226 1e-09 9.995e-10
12234 1e-09 9.995e-10
12324 1e-09 9.995e-10
12330 1e-09 9.995e-10
12418 1e-09 9.995e-10
12440 1e-09 9.995e-10
12504 1e-09 9.995e-10
12506 1e-09 9.995e-10
12526 1e-09 9.995e-10
12534 1e-09 9.995e-10
12564 1e-09 9.995e-10
12602 1e-09 9.995e-10
12660 1e-09 9.995e-10
12706 1e-09 9.995e-10
12744 1e-09 9.995e-10
12748 1e-09 9.995e-10
12750 1e-09 9.995e-10
12822 1e-09 9.995e-10
12828 1e-09 9.995e-10
12860 1e-09 9.995e-10
12880 1e-09 9.995e-10
12906 1e-09 9.995e-10
12912 1e-09 9.995e-10
12970 1e-09 9.995e-10
12980 1e-09 9.995e-10
13022 1e-09 9.995e-10
13106 1e-09 9.995e-10
13138 1e-09 9.995e-10
13194 1e-09 9.995e-10
13262 1e-09 9.995e-10
13270 1e-09 9.995e-10
13348 1e-09 9.995e-10
13354 1e-09 9.995e-10
13358 1e-09 9.995e-10
13386 1e-09 9.995e-10
13446 1e-09 9.995e-10
13474 1e-09 9.995e-10
13568 1e-09 9.995e-10
13588 1e-09 9.995e-10
13608 1e-09 9.995e-10
13668 1e-09 9.995e-10
13672 1e-09 9.995e-10
13694 1e-09 9.995e-10
13702 1e-09 9.995e-10
13714 1e-09 9.995e-10
13726 1e-09 9.995e-10
13730 1e-09 9.995e-10
13770 1e-09 9.995e-10
13786 1e-09 9.995e-10
13804 1e-09 9.995e-10
13846 1e-09 9.995e-10
13874 1e-09 9.995e-10
13908 2e-09 1.4128e-09
13912 1e-09 9.995e-10
13948 1e-09 9.995e-10
13962 1e-09 9.995e-10
13978 1e-09 9.995e-10
14068 1e-09 9.995e-10
14086 1e-09 9.995e-10
14092 1e-09 9.995e-10
14102 1e-09 9.995e-10
14108 1e-09 9.995e-10
14194 1e-09 9.995e-10
14202 1e-09 9.995e-10
14272 1e-09 9.995e-10
14312 1e-09 9.995e-10
14346 1e-09 9.995e-10
14414 1e-09 9.995e-10
14512 1e-09 9.995e-10
14534 1e-09 9.995e-10
14580 1e-09 9.995e-10
14604 1e-09 9.995e-10
14624 2e-09 1.4128e-09
14626 1e-09 9.995e-10
14628 1e-09 9.995e-10
14666 1e-09 9.995e-10
14670 1e-09 9.995e-10
14698 1e-09 9.995e-10
14820 1e-09 9.995e-10
14868 1e-09 9.995e-10
14894 1e-09 9.995e-10
14910 1e-09 9.995e-10
14950 1e-09 9.995e-10
15014 1e-09 9.995e-10
15046 1e-09 9.995e-10
15068 1e-09 9.995e-10
15122 1e-09 9.995e-10
15134 1e-09 9.995e-10
15146 1e-09 9.995e-10
15168 1e-09 9.995e-10
15202 1e-09 9.995e-10
15208 1e-09 9.995e-10
15424 1e-09 9.995e-10
15428 1e-09 9.995e-10
15558 1e-09 9.995e-10
15566 1e-09 9.995e-10
15626 1e-09 9.995e-10
15730 1e-09 9.995e-10
15874 1e-09 9.995e-10
15976 1e-09 9.995e-10
16120 1e-09 9.995e-10
16128 1e-09 9.995e-10
16158 1e-09 9.995e-10
16170 1e-09 9.995e-10
16180 1e-09 9.995e-10
16190 1e-09 9.995e-10
16246 1e-09 9.995e-10
16368 1e-09 9.995e-10
16404 1e-09 9.995e-10
16408 1e-09 9.995e-10
16588 1e-09 9.995e-10
16704 1e-09 9.995e-10
16730 1e-09 9.995e-10
16750 1e-09 9.995e-10
16790 1e-09 9.995e-10
16798 1e-09 9.995e-10
16886 1e-09 9.995e-10
16944 1e-09 9.995e-10
17000 1e-09 9.995e-10
17020 1e-09 9.995e-10
17118 1e-09 9.995e-10
17208 1e-09 9.995e-10
17248 1e-09 9.995e-10
17254 1e-09 9.995e-10
17320 1e-09 9.995e-10
17328 1e-09 9.995e-10
17330 1e-09 9.995e-10
17772 1e-09 9.995e-10
17794 1e-09 9.995e-10
17926 1e-09 9.995e-10
17998 1e-09 9.995e-10
18020 1e-09 9.995e-10
18022 1e-09 9.995e-10
18072 1e-09 9.995e-10
18204 1e-09 9.995e-10
18218 1e-09 9.995e-10
18394 1e-09 9.995e-10
18400 1e-09 9.995e-10
18452 1e-09 9.995e-10
18464 1e-09 9.995e-10
18506 1e-09 9.995e-10
18654 1e-09 9.995e-10
18696 1e-09 9.995e-10
18746 1e-09 9.995e-10
18786 1e-09 9.995e-10
18810 1e-09 9.995e-10
18832 1e-09 9.995e-10
18892 1e-09 9.995e-10
18954 1e-09 9.995e-10
19062 1e-09 9.995e-10
19240 1e-09 9.995e-10
19304 1e-09 9.995e-10
19322 1e-09 9.995e-10
19332 1e-09 9.995e-10
19334 1e-09 9.995e-10
19386 1e-09 9.995e-10
19412 1e-09 9.995e-10
19444 1e-09 9.995e-10
19506 1e-09 9.995e-10
19586 1e-09 9.995e-10
19608 2e-09 1.4128e-09
19674 1e-09 9.995e-10
19716 1e-09 9.995e-10
19770 1e-09 9.995e-10
19870 1e-09 9.995e-10
19938 1e-09 9.995e-10
19996 1e-09 9.995e-10
20014 1e-09 9.995e-10
20174 1e-09 9.995e-10
20282 1e-09 9.995e-10
20358 1e-09 9.995e-10
20394 1e-09 9.995e-10
20436 1e-09 9.995e-10
20442 1e-09 9.995e-10
20458 1e-09 9.995e-10
20722 1e-09 9.995e-10
20774 1e-09 9.995e-10
20804 1e-09 9.995e-10
20962 1e-09 9.995e-10
20964 1e-09 9.995e-10
21302 1e-09 9.995e-10
21332 1e-09 9.995e-10
21350 1e-09 9.995e-10
21392 1e-09 9.995e-10
21400 1e-09 9.995e-10
21402 1e-09 9.995e-10
21468 1e-09 9.995e-10
21508 1e-09 9.995e-10
21610 1e-09 9.995e-10
21762 1e-09 9.995e-10
21872 1e-09 9.995e-10
21926 1e-09 9.995e-10
22198 1e-09 9.995e-10
22306 1e-09 9.995e-10
22596 1e-09 9.995e-10
22662 1e-09 9.995e-10
22672 1e-09 9.995e-10
22712 1e-09 9.995e-10
22740 1e-09 9.995e-10
22782 1e-09 9.995e-10
22784 1e-09 9.995e-10
22808 1e-09 9.995e-10
22810 1e-09 9.995e-10
22832 1e-09 9.995e-10
22894 1e-09 9.995e-10
22952 1e-09 9.995e-10
22954 1e-09 9.995e-10
23028 1e-09 9.995e-10
23046 1e-09 9.995e-10
23132 1e-09 9.995e-10
23268 1e-09 9.995e-10
23488 1e-09 9.995e-10
23596 1e-09 9.995e-10
23750 1e-09 9.995e-10
23768 1e-09 9.995e-10
23870 1e-09 9.995e-10
24030 1e-09 9.995e-10
24084 1e-09 9.995e-10
24098 1e-09 9.995e-10
24278 1e-09 9.995e-10
24440 1e-09 9.995e-10
24468 1e-09 9.995e-10
24502 1e-09 9.995e-10
24560 1e-09 9.995e-10
24568 1e-09 9.995e-10
24624 1e-09 9.995e-10
24910 1e-09 9.995e-10
24982 1e-09 9.995e-10
25008 1e-09 9.995e-10
25240 1e-09 9.995e-10
25296 1e-09 9.995e-10
25298 1e-09 9.995e-10
25552 1e-09 9.995e-10
25658 1e-09 9.995e-10
25918 1e-09 9.995e-10
26280 1e-09 9.995e-10
26706 1e-09 9.995e-10
26740 1e-09 9.995e-10
26746 1e-09 9.995e-10
26790 1e-09 9.995e-10
27112 1e-09 9.995e-10
27204 1e-09 9.995e-10
27216 1e-09 9.995e-10
27328 1e-09 9.995e-10
27592 1e-09 9.995e-10
27600 1e-09 9.995e-10
27706 1e-09 9.995e-10
27812 1e-09 9.995e-10
27918 1e-09 9.995e-10
27930 1e-09 9.995e-10
28144 1e-09 9.995e-10
28188 1e-09 9.995e-10
28276 1e-09 9.995e-10
28386 1e-09 9.995e-10
28506 1e-09 9.995e-10
28588 1e-09 9.995e-10
28694 1e-09 9.995e-10
28784 1e-09 9.995e-10
28838 1e-09 9.995e-10
28932 1e-09 9.995e-10
29088 1e-09 9.995e-10
29114 1e-09 9.995e-10
29116 1e-09 9.995e-10
29168 1e-09 9.995e-10
29202 1e-09 9.995e-10
29264 1e-09 9.995e-10
29608 1e-09 9.995e-10
29652 1e-09 9.995e-10
29784 1e-09 9.995e-10
29806 1e-09 9.995e-10
29850 1e-09 9.995e-10
29892 1e-09 9.995e-10
29958 1e-09 9.995e-10
30162 1e-09 9.995e-10
30348 1e-09 9.995e-10
30540 2e-09 1.4128e-09
30574 1e-09 9.995e-10
30618 1e-09 9.995e-10
30620 1e-09 9.995e-10
30772 1e-09 9.995e-10
31070 1e-09 9.995e-10
31296 1e-09 9.995e-10
31306 1e-09 9.995e-10
31350 1e-09 9.995e-10
31650 1e-09 9.995e-10
32006 1e-09 9.995e-10
32208 1e-09 9.995e-10
32224 1e-09 9.995e-10
32260 1e-09 9.995e-10
32438 1e-09 9.995e-10
32530 1e-09 9.995e-10
32618 1e-09 9.995e-10
32882 1e-09 9.995e-10
32994 1e-09 9.995e-10
33246 1e-09 9.995e-10
33524 1e-09 9.995e-10
33868 1e-09 9.995e-10
34124 1e-09 9.995e-10
34448 1e-09 9.995e-10
34486 1e-09 9.995e-10
35400 1e-09 9.995e-10
35418 1e-09 9.995e-10
35740 1e-09 9.995e-10
36032 1e-09 9.995e-10
36148 1e-09 9.995e-10
36184 1e-09 9.995e-10
36270 1e-09 9.995e-10
36318 1e-09 9.995e-10
36496 1e-09 9.995e-10
36806 1e-09 9.995e-10
37168 1e-09 9.995e-10
37300 1e-09 9.995e-10
37466 1e-09 9.995e-10
37532 1e-09 9.995e-10
37546 1e-09 9.995e-10
37674 1e-09 9.995e-10
37726 1e-09 9.995e-10
37780 1e-09 9.995e-10
37914 1e-09 9.995e-10
38116 1e-09 9.995e-10
38158 1e-09 9.995e-10
38224 1e-09 9.995e-10
38254 1e-09 9.995e-10
38260 1e-09 9.995e-10
38466 1e-09 9.995e-10
38698 1e-09 9.995e-10
38704 1e-09 9.995e-10
38706 1e-09 9.995e-10
38734 1e-09 9.995e-10
38962 1e-09 9.995e-10
39030 1e-09 9.995e-10
39178 1e-09 9.995e-10
39382 1e-09 9.995e-10
39564 1e-09 9.995e-10
39568 1e-09 9.995e-10
39826 1e-09 9.995e-10
39896 1e-09 9.995e-10
39986 1e-09 9.995e-10
40022 1e-09 9.995e-10
40094 1e-09 9.995e-10
41018 1e-09 9.995e-10
41402 1e-09 9.995e-10
41558 1e-09 9.995e-10
41592 1e-09 9.995e-10
41746 1e-09 9.995e-10
41816 1e-09 9.995e-10
41980 1e-09 9.995e-10
42258 1e-09 9.995e-10
42448 1e-09 9.995e-10
42708 1e-09 9.995e-10
43232 1e-09 9.995e-10
43364 1e-09 9.995e-10
43426 1e-09 9.995e-10
43476 1e-09 9.995e-10
43692 1e-09 9.995e-10
43706 1e-09 9.995e-10
44266 1e-09 9.995e-10
44330 1e-09 9.995e-10
44414 1e-09 9.995e-10
45178 1e-09 9.995e-10
45346 1e-09 9.995e-10
45606 1e-09 9.995e-10
45770 1e-09 9.995e-10
45832 1e-09 9.995e-10
46068 1e-09 9.995e-10
46194 1e-09 9.995e-10
46414 1e-09 9.995e-10
46868 1e-09 9.995e-10
47196 1e-09 9.995e-10
48650 1e-09 9.995e-10
48722 1e-09 9.995e-10
49404 1e-09 9.995e-10
49652 1e-09 9.995e-10
49702 1e-09 9.995e-10
49794 1e-09 9.995e-10
50250 1e-09 9.995e-10
50292 1e-09 9.995e-10
50542 1e-09 9.995e-10
50764 1e-09 9.995e-10
50834 1e-09 9.995e-10
50882 1e-09 9.995e-10
50906 1e-09 9.995e-10
51338 1e-09 9.995e-10
51882 1e-09 9.995e-10
52184 1e-09 9.995e-10
52950 1e-09 9.995e-10
53046 1e-09 9.995e-10
54454 1e-09 9.995e-10
55864 1e-09 9.995e-10
55990 1e-09 9.995e-10
56112 1e-09 9.995e-10
56300 1e-09 9.995e-10
56700 1e-09 9.995e-10
57774 1e-09 9.995e-10
57814 1e-09 9.995e-10
59430 1e-09 9.995e-10
59442 1e-09 9.995e-10
59578 1e-09 9.995e-10
60142 1e-09 9.995e-10
60178 1e-09 9.995e-10
60716 1e-09 9.995e-10
61734 1e-09 9.995e-10
62544 1e-09 9.995e-10
62806 1e-09 9.995e-10
63104 1e-09 9.995e-10
63122 1e-09 9.995e-10
64010 1e-09 9.995e-10
64292 1e-09 9.995e-10
64468 1e-09 9.995e-10
64502 1e-09 9.995e-10
64802 1e-09 9.995e-10
65076 1e-09 9.995e-10
65274 1e-09 9.995e-10
65298 1e-09 9.995e-10
65554 1e-09 9.995e-10
66402 1e-09 9.995e-10
66808 1e-09 9.995e-10
67036 1e-09 9.995e-10
67158 1e-09 9.995e-10
69400 1e-09 9.995e-10
69538 1e-09 9.995e-10
69638 1e-09 9.995e-10
70508 1e-09 9.995e-10
72694 1e-09 9.995e-10
72936 1e-09 9.995e-10
73200 1e-09 9.995e-10
73896 1e-09 9.995e-10
74374 1e-09 9.995e-10
75738 1e-09 9.995e-10
77776 1e-09 9.995e-10
78072 1e-09 9.995e-10
79954 1e-09 9.995e-10
80418 1e-09 9.995e-10
81696 1e-09 9.995e-10
83806 1e-09 9.995e-10
84246 1e-09 9.995e-10
87476 1e-09 9.995e-10
87612 1e-09 9.995e-10
87766 1e-09 9.995e-10
89120 1e-09 9.995e-10
89236 1e-09 9.995e-10
90620 1e-09 9.995e-10
98262 1e-09 9.995e-10
99116 1e-09 9.995e-10
100110 1e-09 9.995e-10
100386 1e-09 9.995e-10
100416 1e-09 9.995e-10
101318 1e-09 9.995e-10
103632 1e-09 9.995e-10
103768 1e-09 9.995e-10
112264 1e-09 9.995e-10
114044 1e-09 9.995e-10
115972 1e-09 9.995e-10
116814 1e-09 9.995e-10
124036 1e-09 9.995e-10
124038 1e-09 9.995e-10
126028 1e-09 9.995e-10
127318 1e-09 9.995e-10
128118 1e-09 9.995e-10
129980 1e-09 9.995e-10
132438 1e-09 9.995e-10
133142 1e-09 9.995e-10
137308 1e-09 9.995e-10
139338 1e-09 9.995e-10
147648 1e-09 9.995e-10
154132 1e-09 9.995e-10
163182 1e-09 9.995e-10
