4 0.00569595 2.375e-06
6 0.00202406 1.45384e-06
8 0.000978475 1.01682e-06
10 0.000541058 7.09034e-07
12 0.000335271 5.78551e-07
14 0.000223515 4.74999e-07
16 0.000157626 3.99778e-07
18 0.000116784 3.48613e-07
20 8.9104e-05 3.01127e-07
22 6.9924e-05 2.67268e-07
24 5.589e-05 2.38109e-07
26 4.5354e-05 2.15849e-07
28 3.7636e-05 1.96142e-07
30 3.161e-05 1.79482e-07
32 2.6616e-05 1.60108e-07
34 2.298e-05 1.51656e-07
36 1.9618e-05 1.4271e-07
38 1.7327e-05 1.33004e-07
40 1.5282e-05 1.25397e-07
42 1.3327e-05 1.15439e-07
44 1.2102e-05 1.1377e-07
46 1.059e-05 1.04364e-07
48 9.625e-06 9.47332e-08
50 8.719e-06 9.48475e-08
52 7.785e-06 8.58765e-08
54 7.172e-06 8.4347e-08
56 6.542e-06 8.4251e-08
58 5.959e-06 7.635e-08
60 5.517e-06 7.71214e-08
62 5.087e-06 7.51228e-08
64 4.59e-06 6.64522e-08
66 4.291e-06 6.6063e-08
68 3.975e-06 6.29474e-08
70 3.634e-06 6.03659e-08
72 3.52e-06 5.97126e-08
74 3.235e-06 5.76869e-08
76 3.068e-06 5.53116e-08
78 2.832e-06 5.13593e-08
80 2.641e-06 5.08932e-08
82 2.497e-06 5.09901e-08
84 2.328e-06 4.88305e-08
86 2.287e-06 4.80898e-08
88 2.099e-06 4.83446e-08
90 1.976e-06 4.36282e-08
92 1.884e-06 4.26209e-08
94 1.817e-06 4.35145e-08
96 1.737e-06 4.07165e-08
98 1.593e-06 3.83843e-08
100 1.469e-06 3.78819e-08
102 1.379e-06 3.9107e-08
104 1.372e-06 3.79686e-08
106 1.342e-06 3.80925e-08
108 1.229e-06 3.45334e-08
110 1.124e-06 3.23825e-08
112 1.158e-06 3.50861e-08
114 1.112e-06 3.33685e-08
116 1.027e-06 3.06964e-08
118 9.42e-07 3.01436e-08
120 9.62e-07 3.00093e-08
122 9.21e-07 3.18553e-08
124 9.33e-07 3.01747e-08
126 8.3e-07 2.96833e-08
128 7.99e-07 2.82949e-08
130 7.83e-07 2.75302e-08
132 7.13e-07 2.57027e-08
134 7.06e-07 2.57985e-08
136 6.64e-07 2.43537e-08
138 6.49e-07 2.41205e-08
140 6.04e-07 2.45191e-08
142 6.55e-07 2.5651e-08
144 6.17e-07 2.4906e-08
146 5.7e-07 2.38139e-08
148 5.51e-07 2.38621e-08
150 5.16e-07 2.24442e-08
152 5.17e-07 2.20842e-08
154 4.93e-07 2.29772e-08
156 4.59e-07 2.10314e-08
158 4.91e-07 2.26256e-08
160 4.9e-07 2.22239e-08
162 4.46e-07 2.04226e-08
164 4.45e-07 2.07599e-08
166 4.43e-07 2.12779e-08
168 4.01e-07 2.0005e-08
170 3.93e-07 1.99637e-08
172 3.62e-07 1.87871e-08
174 3.78e-07 1.88975e-08
176 3.77e-07 1.98714e-08
178 3.74e-07 1.86044e-08
180 3.26e-07 1.84316e-08
182 3.29e-07 1.87819e-08
184 3.22e-07 1.78414e-08
186 3.19e-07 1.78673e-08
188 3.23e-07 1.76825e-08
190 2.9e-07 1.74327e-08
192 2.9e-07 1.69676e-08
194 2.66e-07 1.63476e-08
196 2.68e-07 1.67385e-08
198 2.78e-07 1.69327e-08
200 2.7e-07 1.67063e-08
202 2.46e-07 1.52146e-08
204 2.59e-07 1.64292e-08
206 2.58e-07 1.59197e-08
208 2.55e-07 1.54264e-08
210 2.49e-07 1.54596e-08
212 2.32e-07 1.51716e-08
214 2.28e-07 1.51002e-08
216 2.1e-07 1.44187e-08
218 2.29e-07 1.49184e-08
220 2.16e-07 1.47426e-08
222 2.09e-07 1.38318e-08
224 2.04e-07 1.42262e-08
226 2.04e-07 1.38703e-08
228 1.91e-07 1.351e-08
230 2.06e-07 1.46821e-08
232 2e-07 1.42127e-08
234 1.89e-07 1.37579e-08
236 1.59e-07 1.2638e-08
238 1.73e-07 1.31556e-08
240 1.69e-07 1.31316e-08
242 1.69e-07 1.27452e-08
244 1.6e-07 1.29769e-08
246 1.88e-07 1.34408e-08
248 1.79e-07 1.34521e-08
250 1.55e-07 1.26876e-08
252 1.37e-07 1.16718e-08
254 1.47e-07 1.19746e-08
256 1.56e-07 1.27147e-08
258 1.32e-07 1.16007e-08
260 1.22e-07 1.12746e-08
262 1.23e-07 1.12192e-08
264 1.2e-07 1.08444e-08
266 1.33e-07 1.16323e-08
268 1.22e-07 1.10958e-08
270 1.22e-07 1.07292e-08
272 1.17e-07 1.0831e-08
274 1.1e-07 1.04833e-08
276 1.11e-07 1.03286e-08
278 1.21e-07 1.1241e-08
280 1.2e-07 1.07517e-08
282 1.14e-07 1.06303e-08
284 1.08e-07 1.03119e-08
286 1.18e-07 1.04917e-08
288 9.8e-08 9.81815e-09
290 9.2e-08 9.56744e-09
292 9.8e-08 9.81815e-09
294 1e-07 1.02956e-08
296 9.8e-08 1.01191e-08
298 1.03e-07 9.91922e-09
300 9.4e-08 9.85718e-09
302 9.8e-08 9.71576e-09
304 9.2e-08 9.56744e-09
306 9.1e-08 9.41908e-09
308 9.3e-08 9.29252e-09
310 9.2e-08 9.56744e-09
312 9.4e-08 9.54798e-09
314 1.01e-07 1.00399e-08
316 6.7e-08 8.27714e-09
318 8.7e-08 9.13406e-09
320 8.3e-08 9.1712e-09
322 6.4e-08 8.11813e-09
324 8.9e-08 9.22383e-09
326 6.9e-08 8.26069e-09
328 6.6e-08 8.1021e-09
330 7.6e-08 8.61534e-09
332 8.1e-08 8.96878e-09
334 6.8e-08 8.08554e-09
336 6.3e-08 7.93921e-09
338 7.3e-08 8.34692e-09
340 5.1e-08 6.95694e-09
342 6.4e-08 8.24039e-09
344 6.4e-08 7.86791e-09
346 7.4e-08 8.39786e-09
348 7e-08 8.06846e-09
350 6.8e-08 8.44843e-09
352 6.1e-08 7.95481e-09
354 5.6e-08 7.67229e-09
356 7.3e-08 8.92586e-09
358 5.7e-08 7.85818e-09
360 5.5e-08 7.48164e-09
362 5.5e-08 7.20937e-09
364 6.8e-08 8.44843e-09
366 5.3e-08 7.36145e-09
368 4.9e-08 6.9713e-09
370 6.8e-08 8.32923e-09
372 5.9e-08 7.71486e-09
374 5.4e-08 7.42186e-09
376 4.7e-08 6.98506e-09
378 5.5e-08 7.34677e-09
380 4.1e-08 6.42799e-09
382 4.9e-08 7.1133e-09
384 4.2e-08 6.65101e-09
386 4.6e-08 6.91983e-09
388 4.8e-08 7.04954e-09
390 5.1e-08 7.50993e-09
392 4.3e-08 6.4149e-09
394 4e-08 6.19677e-09
396 6.3e-08 7.81223e-09
398 4.4e-08 6.93282e-09
400 5e-08 7.03562e-09
402 4.6e-08 6.77377e-09
404 4.4e-08 6.48568e-09
406 5e-08 7.03562e-09
408 4.5e-08 6.85383e-09
410 5.1e-08 7.09923e-09
412 5.5e-08 7.34677e-09
414 5e-08 7.17635e-09
416 5.4e-08 8.06747e-09
418 4.1e-08 6.58172e-09
420 4.3e-08 6.4149e-09
422 4.1e-08 6.42799e-09
424 4.3e-08 6.4149e-09
426 4.7e-08 7.26574e-09
428 4.7e-08 6.98506e-09
430 3.7e-08 6.13441e-09
432 3.6e-08 5.89101e-09
434 3.7e-08 5.96917e-09
436 4.3e-08 6.4149e-09
438 3.5e-08 5.98122e-09
440 3.4e-08 5.90288e-09
442 2.6e-08 5.0323e-09
444 4.3e-08 6.56894e-09
446 2.8e-08 5.2169e-09
448 3.7e-08 5.96917e-09
450 4.3e-08 6.56894e-09
452 2.8e-08 5.2169e-09
454 3e-08 5.39444e-09
456 2.9e-08 5.67089e-09
458 2.7e-08 5.12552e-09
460 3.3e-08 5.64898e-09
462 3.3e-08 5.64898e-09
464 2.9e-08 5.49172e-09
466 2.6e-08 5.0323e-09
468 4.4e-08 6.63807e-09
470 2.5e-08 4.9371e-09
472 2.8e-08 5.2169e-09
474 2.4e-08 5.04222e-09
476 2.3e-08 4.74036e-09
478 2.4e-08 4.83983e-09
480 2.6e-08 5.22724e-09
482 2.3e-08 4.74036e-09
484 3.5e-08 5.81163e-09
486 2.6e-08 5.0323e-09
488 2.6e-08 5.0323e-09
490 2.4e-08 4.83983e-09
492 3e-08 5.39444e-09
494 2.6e-08 5.0323e-09
496 2.9e-08 5.30651e-09
498 3.6e-08 5.89101e-09
500 3e-08 5.57674e-09
502 3.6e-08 5.89101e-09
504 1.6e-08 3.96787e-09
506 2.4e-08 5.04222e-09
508 2.9e-08 5.30651e-09
510 2.3e-08 4.74036e-09
512 1.9e-08 4.31729e-09
514 3.1e-08 5.48078e-09
516 1.9e-08 4.31729e-09
518 3e-08 5.39444e-09
520 2.2e-08 4.84933e-09
522 2.6e-08 5.0323e-09
524 3e-08 5.57674e-09
526 2.5e-08 4.9371e-09
528 2.3e-08 4.74036e-09
530 2.6e-08 5.0323e-09
532 2.6e-08 5.41516e-09
534 2.1e-08 4.5342e-09
536 1.9e-08 4.31729e-09
538 2e-08 4.42719e-09
540 1.6e-08 3.96787e-09
542 2.7e-08 5.12552e-09
544 2.3e-08 4.94682e-09
546 1.7e-08 4.08791e-09
548 2.6e-08 5.0323e-09
550 2e-08 4.42719e-09
552 1.3e-08 3.58204e-09
554 2.3e-08 4.74036e-09
556 1.6e-08 3.96787e-09
558 2.3e-08 4.74036e-09
560 1.9e-08 4.31729e-09
562 1.9e-08 4.31729e-09
564 1.5e-08 3.84383e-09
566 2.2e-08 4.63853e-09
568 1.8e-08 4.20428e-09
570 1.9e-08 4.31729e-09
572 1.8e-08 4.20428e-09
574 2e-08 4.64758e-09
576 1.1e-08 3.58873e-09
578 1.1e-08 3.29833e-09
580 2e-08 4.42719e-09
582 1e-08 3.14643e-09
584 1.9e-08 4.31729e-09
586 1.6e-08 3.96787e-09
588 1.6e-08 3.96787e-09
590 2e-08 4.42719e-09
592 2.4e-08 4.83983e-09
594 2e-08 4.64758e-09
596 1.3e-08 3.58204e-09
598 1.9e-08 4.31729e-09
600 1.8e-08 4.20428e-09
602 1.9e-08 4.31729e-09
604 9e-09 2.98647e-09
606 1.4e-08 3.71537e-09
608 2.1e-08 4.5342e-09
610 2e-08 4.42719e-09
612 1.6e-08 3.96787e-09
614 1.4e-08 3.71537e-09
616 1.6e-08 3.96787e-09
618 9e-09 2.98647e-09
620 1.6e-08 3.96787e-09
622 1.9e-08 4.31729e-09
624 1e-08 3.14643e-09
626 1.4e-08 3.71537e-09
628 6e-09 2.44213e-09
630 1.5e-08 3.84383e-09
632 1.2e-08 3.44325e-09
634 1.3e-08 3.8511e-09
636 2e-08 4.42719e-09
638 2e-08 4.64758e-09
640 7e-09 2.63647e-09
642 1.5e-08 3.84383e-09
644 2.2e-08 4.63853e-09
646 1e-08 3.14643e-09
648 1.7e-08 4.08791e-09
650 1.3e-08 3.8511e-09
652 1e-08 3.14643e-09
654 1.2e-08 3.44325e-09
656 1.9e-08 4.31729e-09
658 1.4e-08 3.71537e-09
660 1.2e-08 3.44325e-09
662 1.5e-08 3.84383e-09
664 1.4e-08 3.71537e-09
666 1.4e-08 3.71537e-09
668 1.8e-08 4.20428e-09
670 1.5e-08 3.84383e-09
672 1.6e-08 4.21236e-09
674 1.3e-08 3.58204e-09
676 1.2e-08 3.44325e-09
678 9e-09 2.98647e-09
680 1.6e-08 3.96787e-09
682 1.2e-08 3.44325e-09
684 1.2e-08 3.44325e-09
686 1.1e-08 3.29833e-09
688 1.7e-08 4.08791e-09
690 1e-08 3.14643e-09
692 1e-08 3.14643e-09
694 9e-09 2.98647e-09
696 1.2e-08 3.44325e-09
698 1.5e-08 3.84383e-09
700 1.2e-08 3.44325e-09
702 9e-09 2.98647e-09
704 1.5e-08 4.09573e-09
706 1e-08 3.14643e-09
708 1.4e-08 3.71537e-09
710 6e-09 2.44213e-09
712 6e-09 2.44213e-09
714 1e-08 3.14643e-09
716 1.3e-08 3.58204e-09
718 1e-08 3.14643e-09
720 1.3e-08 3.58204e-09
722 7e-09 2.63647e-09
724 1.6e-08 3.96787e-09
726 1.4e-08 3.71537e-09
728 5e-09 2.23047e-09
730 1.7e-08 4.08791e-09
732 1.2e-08 3.44325e-09
734 1.2e-08 3.44325e-09
736 7e-09 2.63647e-09
738 7e-09 2.63647e-09
740 7e-09 2.63647e-09
742 7e-09 2.63647e-09
744 1.5e-08 3.84383e-09
746 1.1e-08 3.29833e-09
748 4e-09 1.996e-09
750 1e-08 3.14643e-09
752 8e-09 2.81709e-09
754 9e-09 2.98647e-09
756 1.1e-08 3.29833e-09
758 1e-08 3.14643e-09
760 6e-09 2.44213e-09
762 1.2e-08 3.44325e-09
764 8e-09 2.81709e-09
766 1e-08 3.44964e-09
768 8e-09 2.81709e-09
770 1.3e-08 3.58204e-09
772 7e-09 2.63647e-09
774 1.6e-08 3.96787e-09
776 1.2e-08 3.44325e-09
778 1e-08 3.14643e-09
780 8e-09 2.81709e-09
782 7e-09 2.63647e-09
784 9e-09 2.98647e-09
786 1.3e-08 3.58204e-09
788 6e-09 2.44213e-09
790 7e-09 2.63647e-09
792 3e-09 1.72945e-09
794 8e-09 2.81709e-09
796 7e-09 2.63647e-09
798 9e-09 2.98647e-09
800 6e-09 2.44213e-09
802 7e-09 2.63647e-09
804 8e-09 2.81709e-09
806 1.1e-08 3.29833e-09
808 1.6e-08 3.96787e-09
810 6e-09 2.44213e-09
812 1e-08 3.14643e-09
814 2e-09 1.4128e-09
816 4e-09 1.996e-09
818 9e-09 2.98647e-09
820 4e-09 1.996e-09
822 1.2e-08 3.44325e-09
824 8e-09 2.81709e-09
826 6e-09 2.44213e-09
828 1.1e-08 3.29833e-09
830 9e-09 2.98647e-09
832 6e-09 2.44213e-09
834 7e-09 2.63647e-09
836 6e-09 2.44213e-09
838 1e-08 3.14643e-09
840 1.2e-08 3.44325e-09
842 7e-09 2.63647e-09
844 4e-09 1.996e-09
846 1.3e-08 3.58204e-09
848 7e-09 2.63647e-09
850 1e-08 3.14643e-09
852 2e-09 1.4128e-09
854 7e-09 2.63647e-09
856 4e-09 1.996e-09
858 9e-09 2.98647e-09
860 1e-08 3.14643e-09
862 9e-09 2.98647e-09
864 3e-09 1.72945e-09
866 8e-09 2.81709e-09
868 4e-09 1.996e-09
870 1e-08 3.14643e-09
872 7e-09 2.63647e-09
874 2e-09 1.4128e-09
876 8e-09 2.81709e-09
878 9e-09 2.98647e-09
880 6e-09 2.44213e-09
882 6e-09 2.82206e-09
884 8e-09 2.81709e-09
886 3e-09 1.72945e-09
888 8e-09 2.81709e-09
890 7e-09 2.63647e-09
892 5e-09 2.23047e-09
894 2e-09 1.4128e-09
896 7e-09 2.63647e-09
898 6e-09 2.44213e-09
900 5e-09 2.23047e-09
902 5e-09 2.64102e-09
904 1e-08 3.14643e-09
906 3e-09 1.72945e-09
908 6e-09 2.44213e-09
910 7e-09 2.63647e-09
912 5e-09 2.23047e-09
914 5e-09 2.23047e-09
916 4e-09 1.996e-09
918 4e-09 1.996e-09
920 4e-09 1.996e-09
922 1e-08 3.14643e-09
924 3e-09 1.72945e-09
926 9e-09 2.98647e-09
928 9e-09 2.98647e-09
930 6e-09 2.44213e-09
932 4e-09 1.996e-09
934 4e-09 1.996e-09
936 9e-09 2.98647e-09
938 1e-08 3.14643e-09
940 4e-09 1.996e-09
942 6e-09 2.44213e-09
944 7e-09 2.63647e-09
946 2e-09 1.4128e-09
948 6e-09 2.44213e-09
950 5e-09 2.23047e-09
952 8e-09 2.81709e-09
954 3e-09 1.72945e-09
956 6e-09 2.82206e-09
958 4e-09 1.996e-09
960 3e-09 1.72945e-09
962 5e-09 2.23047e-09
964 6e-09 2.44213e-09
966 7e-09 2.63647e-09
968 4e-09 1.996e-09
970 7e-09 2.63647e-09
972 5e-09 2.23047e-09
974 2e-09 1.4128e-09
976 7e-09 2.63647e-09
978 8e-09 2.81709e-09
980 1e-08 3.14643e-09
982 5e-09 2.23047e-09
984 3e-09 1.72945e-09
986 4e-09 1.996e-09
988 4e-09 1.996e-09
990 3e-09 1.72945e-09
992 7e-09 2.63647e-09
994 8e-09 2.81709e-09
996 3e-09 1.72945e-09
998 4e-09 1.996e-09
1000 5e-09 2.23047e-09
1002 4e-09 1.996e-09
1004 3e-09 1.72945e-09
1006 2e-09 1.4128e-09
1008 6e-09 2.44213e-09
1010 3e-09 1.72945e-09
1012 2e-09 1.4128e-09
1014 4e-09 1.996e-09
1016 6e-09 2.44213e-09
1018 3e-09 1.72945e-09
1020 7e-09 2.63647e-09
1022 6e-09 2.44213e-09
1024 2e-09 1.4128e-09
1026 3e-09 1.72945e-09
1028 4e-09 1.996e-09
1030 3e-09 1.72945e-09
1032 3e-09 1.72945e-09
1034 4e-09 1.996e-09
1036 5e-09 2.23047e-09
1038 5e-09 2.23047e-09
1040 5e-09 2.23047e-09
1042 4e-09 1.996e-09
1044 4e-09 1.996e-09
1046 6e-09 2.44213e-09
1048 2e-09 1.4128e-09
1050 3e-09 1.72945e-09
1052 2e-09 1.4128e-09
1054 5e-09 2.23047e-09
1056 4e-09 1.996e-09
1058 5e-09 2.23047e-09
1060 3e-09 1.72945e-09
1062 5e-09 2.23047e-09
1064 5e-09 2.23047e-09
1066 2e-09 1.4128e-09
1068 1e-09 9.995e-10
1070 4e-09 1.996e-09
1072 3e-09 1.72945e-09
1074 2e-09 1.4128e-09
1076 2e-09 1.4128e-09
1078 4e-09 1.996e-09
1080 4e-09 1.996e-09
1082 7e-09 2.63647e-09
1084 3e-09 1.72945e-09
1086 3e-09 1.72945e-09
1088 5e-09 2.23047e-09
1090 4e-09 1.996e-09
1092 2e-09 1.4128e-09
1094 3e-09 1.72945e-09
1096 2e-09 1.4128e-09
1098 4e-09 1.996e-09
1100 3e-09 1.72945e-09
1102 3e-09 1.72945e-09
1104 3e-09 1.72945e-09
1106 3e-09 1.72945e-09
1108 3e-09 1.72945e-09
1110 2e-09 1.4128e-09
1112 4e-09 1.996e-09
1114 3e-09 1.72945e-09
1116 3e-09 1.72945e-09
1118 5e-09 2.23047e-09
1120 4e-09 1.996e-09
1122 2e-09 1.4128e-09
1124 4e-09 1.996e-09
1126 3e-09 1.72945e-09
1128 2e-09 1.4128e-09
1130 5e-09 2.23047e-09
1132 7e-09 2.63647e-09
1134 3e-09 1.72945e-09
1136 5e-09 2.23047e-09
1138 5e-09 2.23047e-09
1140 2e-09 1.4128e-09
1142 3e-09 1.72945e-09
1144 6e-09 2.44213e-09
1146 4e-09 1.996e-09
1150 5e-09 2.23047e-09
1152 1e-09 9.995e-10
1154 6e-09 2.44213e-09
1156 4e-09 1.996e-09
1158 6e-09 2.44213e-09
1160 2e-09 1.4128e-09
1162 8e-09 2.81709e-09
1164 4e-09 1.996e-09
1166 2e-09 1.4128e-09
1168 2e-09 1.4128e-09
1170 2e-09 1.4128e-09
1172 3e-09 1.72945e-09
1174 2e-09 1.4128e-09
1176 1e-09 9.995e-10
1178 1e-09 9.995e-10
1180 1e-09 9.995e-10
1182 2e-09 1.4128e-09
1184 1e-09 9.995e-10
1186 6e-09 2.44213e-09
1188 3e-09 1.72945e-09
1190 1e-09 9.995e-10
1192 1e-09 9.995e-10
1194 3e-09 1.72945e-09
1196 3e-09 1.72945e-09
1198 2e-09 1.4128e-09
1200 2e-09 1.4128e-09
1202 2e-09 1.4128e-09
1204 2e-09 1.4128e-09
1206 2e-09 1.4128e-09
1208 3e-09 1.72945e-09
1210 6e-09 2.44213e-09
1212 3e-09 1.72945e-09
1214 4e-09 1.996e-09
1218 1e-09 9.995e-10
1220 3e-09 1.72945e-09
1222 1e-09 9.995e-10
1224 2e-09 1.4128e-09
1226 2e-09 1.4128e-09
1228 3e-09 1.72945e-09
1230 2e-09 1.4128e-09
1232 4e-09 1.996e-09
1234 1e-09 9.995e-10
1236 1e-09 9.995e-10
1238 2e-09 1.4128e-09
1242 2e-09 1.4128e-09
1244 2e-09 1.4128e-09
1246 4e-09 1.996e-09
1248 5e-09 2.23047e-09
1250 1e-09 9.995e-10
1252 2e-09 1.4128e-09
1254 6e-09 2.44213e-09
1258 7e-09 2.63647e-09
1260 5e-09 2.23047e-09
1262 4e-09 1.996e-09
1264 2e-09 1.4128e-09
1266 2e-09 1.4128e-09
1268 1e-09 9.995e-10
1270 5e-09 2.23047e-09
1272 1e-09 9.995e-10
1274 3e-09 1.72945e-09
1276 2e-09 1.4128e-09
1278 3e-09 1.72945e-09
1280 1e-09 9.995e-10
1282 2e-09 1.4128e-09
1284 3e-09 1.72945e-09
1286 1e-09 9.995e-10
1288 2e-09 1.4128e-09
1290 3e-09 1.72945e-09
1292 2e-09 1.4128e-09
1294 6e-09 2.44213e-09
1296 2e-09 1.4128e-09
1298 1e-09 9.995e-10
1300 1e-09 9.995e-10
1302 2e-09 1.4128e-09
1304 2e-09 1.4128e-09
1306 3e-09 1.72945e-09
1310 5e-09 2.23047e-09
1312 1e-09 9.995e-10
1314 2e-09 1.4128e-09
1318 1e-09 9.995e-10
1320 3e-09 1.72945e-09
1322 1e-09 9.995e-10
1326 3e-09 1.72945e-09
1328 3e-09 1.72945e-09
1332 1e-09 9.995e-10
1334 5e-09 2.23047e-09
1336 3e-09 1.72945e-09
1338 3e-09 1.72945e-09
1340 1e-09 9.995e-10
1342 1e-09 9.995e-10
1344 5e-09 2.23047e-09
1346 1e-09 9.995e-10
1348 3e-09 1.72945e-09
1350 2e-09 1.4128e-09
1352 3e-09 1.72945e-09
1356 4e-09 1.996e-09
1366 2e-09 1.4128e-09
1368 1e-09 9.995e-10
1370 1e-09 9.995e-10
1372 3e-09 1.72945e-09
1376 1e-09 9.995e-10
1378 2e-09 1.4128e-09
1380 3e-09 1.72945e-09
1382 4e-09 1.996e-09
1384 3e-09 1.72945e-09
1386 5e-09 2.23047e-09
1388 3e-09 1.72945e-09
1390 3e-09 1.72945e-09
1392 1e-09 9.995e-10
1394 2e-09 1.4128e-09
1396 1e-09 9.995e-10
1398 2e-09 1.4128e-09
1400 5e-09 2.64102e-09
1402 4e-09 1.996e-09
1404 4e-09 1.996e-09
1406 1e-09 9.995e-10
1410 3e-09 1.72945e-09
1412 2e-09 1.4128e-09
1418 6e-09 2.82206e-09
1420 1e-09 9.995e-10
1422 4e-09 1.996e-09
1424 1e-09 9.995e-10
1430 1e-09 9.995e-10
1432 1e-09 9.995e-10
1436 3e-09 1.72945e-09
1440 3e-09 1.72945e-09
1442 1e-09 9.995e-10
1446 1e-09 9.995e-10
1448 1e-09 9.995e-10
1450 2e-09 1.4128e-09
1454 1e-09 9.995e-10
1456 1e-09 9.995e-10
1460 2e-09 1.4128e-09
1462 1e-09 9.995e-10
1466 4e-09 1.996e-09
1468 2e-09 1.4128e-09
1470 1e-09 9.995e-10
1472 2e-09 1.4128e-09
1474 2e-09 1.4128e-09
1476 1e-09 9.995e-10
1478 3e-09 1.72945e-09
1480 3e-09 1.72945e-09
1482 4e-09 1.996e-09
1484 5e-09 2.23047e-09
1488 2e-09 1.4128e-09
1492 1e-09 9.995e-10
1494 2e-09 1.4128e-09
1496 1e-09 9.995e-10
1498 1e-09 9.995e-10
1500 2e-09 1.4128e-09
1502 1e-09 9.995e-10
1506 1e-09 9.995e-10
1508 2e-09 1.4128e-09
1510 1e-09 9.995e-10
1514 2e-09 1.4128e-09
1518 1e-09 9.995e-10
1522 3e-09 1.72945e-09
1526 1e-09 9.995e-10
1530 2e-09 1.4128e-09
1532 2e-09 1.4128e-09
1534 3e-09 1.72945e-09
1536 1e-09 9.995e-10
1538 1e-09 9.995e-10
1540 1e-09 9.995e-10
1544 1e-09 9.995e-10
1546 1e-09 9.995e-10
1550 2e-09 1.4128e-09
1552 3e-09 1.72945e-09
1554 3e-09 1.72945e-09
1558 2e-09 1.4128e-09
1560 1e-09 9.995e-10
1562 1e-09 9.995e-10
1564 3e-09 1.72945e-09
1566 3e-09 1.72945e-09
1568 2e-09 1.4128e-09
1570 1e-09 9.995e-10
1572 1e-09 9.995e-10
1576 3e-09 1.72945e-09
1578 2e-09 1.4128e-09
1580 2e-09 1.4128e-09
1584 3e-09 1.72945e-09
1588 1e-09 9.995e-10
1590 2e-09 1.4128e-09
1594 1e-09 9.995e-10
1596 2e-09 1.4128e-09
1598 1e-09 9.995e-10
1600 2e-09 1.4128e-09
1608 1e-09 9.995e-10
1612 1e-09 9.995e-10
1614 1e-09 9.995e-10
1618 1e-09 9.995e-10
1620 1e-09 9.995e-10
1622 1e-09 9.995e-10
1624 2e-09 1.4128e-09
1626 3e-09 1.72945e-09
1628 2e-09 1.4128e-09
1630 1e-09 9.995e-10
1632 1e-09 9.995e-10
1634 2e-09 1.4128e-09
1636 2e-09 1.4128e-09
1638 2e-09 1.4128e-09
1640 1e-09 9.995e-10
1642 4e-09 1.996e-09
1644 2e-09 1.4128e-09
1646 1e-09 9.995e-10
1648 2e-09 1.4128e-09
1652 2e-09 1.4128e-09
1654 2e-09 1.4128e-09
1656 2e-09 1.4128e-09
1660 1e-09 9.995e-10
1662 1e-09 9.995e-10
1668 2e-09 1.4128e-09
1670 2e-09 1.4128e-09
1674 1e-09 9.995e-10
1676 1e-09 9.995e-10
1680 3e-09 1.72945e-09
1682 2e-09 1.4128e-09
1686 1e-09 9.995e-10
1690 1e-09 9.995e-10
1692 1e-09 9.995e-10
1694 1e-09 9.995e-10
1696 1e-09 9.995e-10
1700 2e-09 1.4128e-09
1704 2e-09 1.4128e-09
1710 2e-09 1.4128e-09
1712 2e-09 1.4128e-09
1716 1e-09 9.995e-10
1718 1e-09 9.995e-10
1720 2e-09 1.4128e-09
1722 3e-09 1.72945e-09
1724 2e-09 1.4128e-09
1728 1e-09 9.995e-10
1730 1e-09 9.995e-10
1736 1e-09 9.995e-10
1738 2e-09 1.4128e-09
1740 1e-09 9.995e-10
1744 1e-09 9.995e-10
1750 1e-09 9.995e-10
1752 1e-09 9.995e-10
1754 1e-09 9.995e-10
1756 2e-09 1.4128e-09
1758 1e-09 9.995e-10
1760 1e-09 9.995e-10
1764 2e-09 1.4128e-09
1766 3e-09 1.72945e-09
1768 2e-09 1.4128e-09
1770 2e-09 1.4128e-09
1772 1e-09 9.995e-10
1774 3e-09 1.72945e-09
1776 2e-09 1.4128e-09
1778 2e-09 1.4128e-09
1780 2e-09 1.4128e-09
1782 1e-09 9.995e-10
1786 1e-09 9.995e-10
1788 1e-09 9.995e-10
1792 2e-09 1.4128e-09
1802 1e-09 9.995e-10
1806 2e-09 1.4128e-09
1808 1e-09 9.995e-10
1810 1e-09 9.995e-10
1812 1e-09 9.995e-10
1814 1e-09 9.995e-10
1818 1e-09 9.995e-10
1824 1e-09 9.995e-10
1826 1e-09 9.995e-10
1834 1e-09 9.995e-10
1838 2e-09 1.4128e-09
1844 3e-09 1.72945e-09
1846 2e-09 1.4128e-09
1850 2e-09 1.4128e-09
1852 2e-09 1.4128e-09
1854 2e-09 1.4128e-09
1858 1e-09 9.995e-10
1864 1e-09 9.995e-10
1866 1e-09 9.995e-10
1868 1e-09 9.995e-10
1872 3e-09 1.72945e-09
1884 1e-09 9.995e-10
1886 1e-09 9.995e-10
1888 1e-09 9.995e-10
1896 1e-09 9.995e-10
1900 2e-09 1.4128e-09
1902 2e-09 1.4128e-09
1904 1e-09 9.995e-10
1906 1e-09 9.995e-10
1908 1e-09 9.995e-10
1914 2e-09 1.4128e-09
1916 1e-09 9.995e-10
1920 1e-09 9.995e-10
1924 2e-09 1.4128e-09
1926 2e-09 1.4128e-09
1928 1e-09 9.995e-10
1930 2e-09 1.4128e-09
1932 3e-09 1.72945e-09
1938 1e-09 9.995e-10
1944 3e-09 1.72945e-09
1954 4e-09 1.996e-09
1960 1e-09 9.995e-10
1962 2e-09 1.4128e-09
1964 2e-09 1.4128e-09
1966 2e-09 1.4128e-09
1972 1e-09 9.995e-10
1978 1e-09 9.995e-10
1982 1e-09 9.995e-10
1988 3e-09 1.72945e-09
1996 1e-09 9.995e-10
1998 2e-09 1.4128e-09
2002 1e-09 9.995e-10
2008 1e-09 9.995e-10
2014 1e-09 9.995e-10
2016 1e-09 9.995e-10
2020 3e-09 1.72945e-09
2022 1e-09 9.995e-10
2024 2e-09 1.4128e-09
2026 1e-09 9.995e-10
2028 2e-09 1.4128e-09
2036 2e-09 1.4128e-09
2038 2e-09 1.4128e-09
2042 1e-09 9.995e-10
2044 2e-09 1.4128e-09
2052 1e-09 9.995e-10
2058 1e-09 9.995e-10
2060 1e-09 9.995e-10
2062 1e-09 9.995e-10
2064 1e-09 9.995e-10
2066 1e-09 9.995e-10
2068 1e-09 9.995e-10
2070 1e-09 9.995e-10
2072 1e-09 9.995e-10
2074 2e-09 1.4128e-09
2078 1e-09 9.995e-10
2082 1e-09 9.995e-10
2090 1e-09 9.995e-10
2092 2e-09 1.4128e-09
2094 1e-09 9.995e-10
2098 1e-09 9.995e-10
2100 1e-09 9.995e-10
2112 1e-09 9.995e-10
2114 2e-09 1.4128e-09
2120 1e-09 9.995e-10
2122 1e-09 9.995e-10
2124 1e-09 9.995e-10
2126 1e-09 9.995e-10
2128 2e-09 1.4128e-09
2130 1e-09 9.995e-10
2132 3e-09 1.72945e-09
2134 1e-09 9.995e-10
2136 1e-09 9.995e-10
2138 1e-09 9.995e-10
2142 1e-09 9.995e-10
2146 1e-09 9.995e-10
2148 1e-09 9.995e-10
2150 2e-09 1.4128e-09
2152 2e-09 1.4128e-09
2154 1e-09 9.995e-10
2156 2e-09 1.4128e-09
2160 1e-09 9.995e-10
2162 2e-09 1.4128e-09
2164 2e-09 1.4128e-09
2166 2e-09 1.4128e-09
2168 2e-09 1.4128e-09
2172 1e-09 9.995e-10
2180 1e-09 9.995e-10
2186 2e-09 1.4128e-09
2188 1e-09 9.995e-10
2190 2e-09 1.4128e-09
2192 1e-09 9.995e-10
2200 1e-09 9.995e-10
2202 2e-09 1.4128e-09
2204 3e-09 1.72945e-09
2206 2e-09 1.4128e-09
2208 3e-09 1.72945e-09
2212 3e-09 1.72945e-09
2216 1e-09 9.995e-10
2222 1e-09 9.995e-10
2224 1e-09 9.995e-10
2226 1e-09 9.995e-10
2232 1e-09 9.995e-10
2234 2e-09 1.4128e-09
2238 1e-09 9.995e-10
2240 1e-09 9.995e-10
2242 3e-09 1.72945e-09
2246 1e-09 9.995e-10
2250 1e-09 9.995e-10
2252 1e-09 9.995e-10
2254 1e-09 9.995e-10
2256 1e-09 9.995e-10
2264 1e-09 9.995e-10
2270 1e-09 9.995e-10
2276 2e-09 1.4128e-09
2284 2e-09 1.4128e-09
2286 3e-09 1.72945e-09
2288 1e-09 9.995e-10
2296 1e-09 9.995e-10
2302 2e-09 1.4128e-09
2306 2e-09 1.4128e-09
2312 1e-09 9.995e-10
2320 1e-09 9.995e-10
2324 1e-09 9.995e-10
2328 2e-09 1.4128e-09
2330 1e-09 9.995e-10
2334 2e-09 1.4128e-09
2338 1e-09 9.995e-10
2340 1e-09 9.995e-10
2342 2e-09 1.4128e-09
2344 1e-09 9.995e-10
2346 1e-09 9.995e-10
2360 1e-09 9.995e-10
2362 2e-09 1.4128e-09
2366 1e-09 9.995e-10
2368 2e-09 1.4128e-09
2370 1e-09 9.995e-10
2380 1e-09 9.995e-10
2384 1e-09 9.995e-10
2386 1e-09 9.995e-10
2388 1e-09 9.995e-10
2390 4e-09 1.996e-09
2392 2e-09 1.4128e-09
2396 1e-09 9.995e-10
2402 3e-09 1.72945e-09
2406 2e-09 1.4128e-09
2408 1e-09 9.995e-10
2410 1e-09 9.995e-10
2412 1e-09 9.995e-10
2414 1e-09 9.995e-10
2418 1e-09 9.995e-10
2422 1e-09 9.995e-10
2424 1e-09 9.995e-10
2436 1e-09 9.995e-10
2438 2e-09 1.4128e-09
2440 1e-09 9.995e-10
2442 1e-09 9.995e-10
2444 1e-09 9.995e-10
2448 1e-09 9.995e-10
2452 1e-09 9.995e-10
2456 1e-09 9.995e-10
2468 1e-09 9.995e-10
2472 1e-09 9.995e-10
2484 1e-09 9.995e-10
2488 1e-09 9.995e-10
2490 1e-09 9.995e-10
2494 1e-09 9.995e-10
2496 1e-09 9.995e-10
2498 1e-09 9.995e-10
2502 1e-09 9.995e-10
2504 1e-09 9.995e-10
2506 1e-09 9.995e-10
2510 1e-09 9.995e-10
2514 2e-09 1.4128e-09
2516 1e-09 9.995e-10
2520 2e-09 1.4128e-09
2522 1e-09 9.995e-10
2526 1e-09 9.995e-10
2532 1e-09 9.995e-10
2534 2e-09 1.4128e-09
2538 1e-09 9.995e-10
2540 1e-09 9.995e-10
2542 1e-09 9.995e-10
2544 1e-09 9.995e-10
2554 2e-09 1.4128e-09
2556 1e-09 9.995e-10
2558 1e-09 9.995e-10
2568 1e-09 9.995e-10
2574 1e-09 9.995e-10
2580 1e-09 9.995e-10
2582 1e-09 9.995e-10
2584 1e-09 9.995e-10
2588 1e-09 9.995e-10
2596 1e-09 9.995e-10
2598 1e-09 9.995e-10
2604 1e-09 9.995e-10
2606 1e-09 9.995e-10
2608 1e-09 9.995e-10
2612 1e-09 9.995e-10
2614 1e-09 9.995e-10
2624 1e-09 9.995e-10
2626 1e-09 9.995e-10
2630 2e-09 1.4128e-09
2632 1e-09 9.995e-10
2636 1e-09 9.995e-10
2642 2e-09 1.4128e-09
2644 1e-09 9.995e-10
2662 1e-09 9.995e-10
2666 1e-09 9.995e-10
2672 1e-09 9.995e-10
2674 1e-09 9.995e-10
2686 1e-09 9.995e-10
2692 1e-09 9.995e-10
2694 1e-09 9.995e-10
2702 1e-09 9.995e-10
2706 1e-09 9.995e-10
2708 1e-09 9.995e-10
2718 1e-09 9.995e-10
2720 1e-09 9.995e-10
2722 1e-09 9.995e-10
2724 1e-09 9.995e-10
2730 1e-09 9.995e-10
2732 1e-09 9.995e-10
2734 1e-09 9.995e-10
2746 1e-09 9.995e-10
2750 1e-09 9.995e-10
2758 1e-09 9.995e-10
2760 1e-09 9.995e-10
2762 2e-09 1.4128e-09
2764 2e-09 1.4128e-09
2766 1e-09 9.995e-10
2768 1e-09 9.995e-10
2774 2e-09 1.4128e-09
2782 1e-09 9.995e-10
2786 1e-09 9.995e-10
2790 1e-09 9.995e-10
2792 1e-09 9.995e-10
2802 1e-09 9.995e-10
2808 1e-09 9.995e-10
2816 1e-09 9.995e-10
2822 1e-09 9.995e-10
2826 1e-09 9.995e-10
2834 1e-09 9.995e-10
2840 1e-09 9.995e-10
2844 1e-09 9.995e-10
2868 1e-09 9.995e-10
2874 2e-09 1.4128e-09
2884 1e-09 9.995e-10
2886 2e-09 1.4128e-09
2888 1e-09 9.995e-10
2892 1e-09 9.995e-10
2900 1e-09 9.995e-10
2904 1e-09 9.995e-10
2906 1e-09 9.995e-10
2908 2e-09 1.4128e-09
2912 1e-09 9.995e-10
2914 1e-09 9.995e-10
2922 1e-09 9.995e-10
2924 1e-09 9.995e-10
2930 1e-09 9.995e-10
2934 1e-09 9.995e-10
2936 1e-09 9.995e-10
2940 1e-09 9.995e-10
2944 1e-09 9.995e-10
2946 1e-09 9.995e-10
2956 1e-09 9.995e-10
2960 1e-09 9.995e-10
2968 1e-09 9.995e-10
2972 1e-09 9.995e-10
2974 1e-09 9.995e-10
2978 1e-09 9.995e-10
2996 1e-09 9.995e-10
3008 1e-09 9.995e-10
3010 1e-09 9.995e-10
3016 1e-09 9.995e-10
3036 1e-09 9.995e-10
3048 1e-09 9.995e-10
3056 1e-09 9.995e-10
3064 1e-09 9.995e-10
3070 1e-09 9.995e-10
3082 2e-09 1.4128e-09
3088 1e-09 9.995e-10
3090 1e-09 9.995e-10
3092 1e-09 9.995e-10
3096 2e-09 1.4128e-09
3112 1e-09 9.995e-10
3116 1e-09 9.995e-10
3118 1e-09 9.995e-10
3124 1e-09 9.995e-10
3136 1e-09 9.995e-10
3138 1e-09 9.995e-10
3162 1e-09 9.995e-10
3168 1e-09 9.995e-10
3172 1e-09 9.995e-10
3184 1e-09 9.995e-10
3186 3e-09 1.72945e-09
3190 1e-09 9.995e-10
3192 1e-09 9.995e-10
3194 1e-09 9.995e-10
3204 1e-09 9.995e-10
3216 1e-09 9.995e-10
3226 1e-09 9.995e-10
3228 1e-09 9.995e-10
3246 1e-09 9.995e-10
3248 1e-09 9.995e-10
3250 1e-09 9.995e-10
3258 1e-09 9.995e-10
3260 1e-09 9.995e-10
3262 4e-09 1.996e-09
3264 1e-09 9.995e-10
3270 1e-09 9.995e-10
3296 1e-09 9.995e-10
3302 1e-09 9.995e-10
3304 1e-09 9.995e-10
3306 1e-09 9.995e-10
3320 1e-09 9.995e-10
3332 1e-09 9.995e-10
3334 1e-09 9.995e-10
3336 1e-09 9.995e-10
3344 1e-09 9.995e-10
3350 1e-09 9.995e-10
3360 1e-09 9.995e-10
3364 1e-09 9.995e-10
3404 1e-09 9.995e-10
3416 1e-09 9.995e-10
3420 2e-09 1.4128e-09
3438 1e-09 9.995e-10
3452 1e-09 9.995e-10
3460 1e-09 9.995e-10
3462 1e-09 9.995e-10
3466 1e-09 9.995e-10
3478 1e-09 9.995e-10
3486 1e-09 9.995e-10
3490 1e-09 9.995e-10
3494 2e-09 1.4128e-09
3496 1e-09 9.995e-10
3514 2e-09 1.4128e-09
3522 1e-09 9.995e-10
3530 1e-09 9.995e-10
3532 1e-09 9.995e-10
3534 1e-09 9.995e-10
3542 2e-09 1.4128e-09
3548 1e-09 9.995e-10
3554 1e-09 9.995e-10
3568 1e-09 9.995e-10
3590 1e-09 9.995e-10
3602 1e-09 9.995e-10
3604 1e-09 9.995e-10
3614 1e-09 9.995e-10
3626 1e-09 9.995e-10
3634 1e-09 9.995e-10
3640 2e-09 1.4128e-09
3644 1e-09 9.995e-10
3656 1e-09 9.995e-10
3660 3e-09 1.72945e-09
3662 1e-09 9.995e-10
3664 1e-09 9.995e-10
3682 1e-09 9.995e-10
3692 2e-09 1.4128e-09
3702 1e-09 9.995e-10
3706 1e-09 9.995e-10
3710 1e-09 9.995e-10
3718 2e-09 1.4128e-09
3736 1e-09 9.995e-10
3740 1e-09 9.995e-10
3748 1e-09 9.995e-10
3756 1e-09 9.995e-10
3760 1e-09 9.995e-10
3762 1e-09 9.995e-10
3780 1e-09 9.995e-10
3792 1e-09 9.995e-10
3798 1e-09 9.995e-10
3810 1e-09 9.995e-10
3816 1e-09 9.995e-10
3818 2e-09 1.4128e-09
3830 1e-09 9.995e-10
3834 1e-09 9.995e-10
3848 1e-09 9.995e-10
3858 1e-09 9.995e-10
3868 1e-09 9.995e-10
3884 1e-09 9.995e-10
3888 1e-09 9.995e-10
3894 1e-09 9.995e-10
3902 1e-09 9.995e-10
3908 1e-09 9.995e-10
3910 1e-09 9.995e-10
3912 1e-09 9.995e-10
3918 1e-09 9.995e-10
3922 1e-09 9.995e-10
3932 1e-09 9.995e-10
3940 1e-09 9.995e-10
3948 1e-09 9.995e-10
3960 1e-09 9.995e-10
3968 1e-09 9.995e-10
3972 1e-09 9.995e-10
3984 1e-09 9.995e-10
3992 1e-09 9.995e-10
4000 1e-09 9.995e-10
4004 1e-09 9.995e-10
4008 1e-09 9.995e-10
4032 1e-09 9.995e-10
4038 1e-09 9.995e-10
4042 1e-09 9.995e-10
4050 1e-09 9.995e-10
4056 1e-09 9.995e-10
4068 1e-09 9.995e-10
4070 1e-09 9.995e-10
4080 1e-09 9.995e-10
4084 1e-09 9.995e-10
4086 1e-09 9.995e-10
4088 1e-09 9.995e-10
4100 1e-09 9.995e-10
4104 1e-09 9.995e-10
4130 1e-09 9.995e-10
4132 1e-09 9.995e-10
4142 1e-09 9.995e-10
4182 1e-09 9.995e-10
4204 1e-09 9.995e-10
4208 1e-09 9.995e-10
4214 1e-09 9.995e-10
4222 1e-09 9.995e-10
4230 1e-09 9.995e-10
4246 1e-09 9.995e-10
4250 1e-09 9.995e-10
4254 1e-09 9.995e-10
4262 1e-09 9.995e-10
4264 1e-09 9.995e-10
4288 1e-09 9.995e-10
4292 2e-09 1.4128e-09
4298 2e-09 1.4128e-09
4314 1e-09 9.995e-10
4326 2e-09 1.4128e-09
4356 1e-09 9.995e-10
4366 1e-09 9.995e-10
4368 1e-09 9.995e-10
4374 1e-09 9.995e-10
4384 1e-09 9.995e-10
4390 1e-09 9.995e-10
4394 1e-09 9.995e-10
4402 1e-09 9.995e-10
4414 1e-09 9.995e-10
4420 1e-09 9.995e-10
4432 1e-09 9.995e-10
4440 1e-09 9.995e-10
4450 2e-09 1.4128e-09
4456 1e-09 9.995e-10
4460 1e-09 9.995e-10
4462 1e-09 9.995e-10
4466 1e-09 9.995e-10
4486 1e-09 9.995e-10
4492 1e-09 9.995e-10
4504 1e-09 9.995e-10
4508 1e-09 9.995e-10
4526 1e-09 9.995e-10
4530 1e-09 9.995e-10
4536 1e-09 9.995e-10
4544 1e-09 9.995e-10
4554 1e-09 9.995e-10
4556 1e-09 9.995e-10
4570 1e-09 9.995e-10
4604 1e-09 9.995e-10
4618 1e-09 9.995e-10
4642 1e-09 9.995e-10
4648 1e-09 9.995e-10
4650 1e-09 9.995e-10
4678 1e-09 9.995e-10
4680 1e-09 9.995e-10
4686 1e-09 9.995e-10
4694 1e-09 9.995e-10
4710 1e-09 9.995e-10
4712 1e-09 9.995e-10
4730 1e-09 9.995e-10
4740 1e-09 9.995e-10
4750 1e-09 9.995e-10
4752 1e-09 9.995e-10
4788 1e-09 9.995e-10
4798 1e-09 9.995e-10
4810 1e-09 9.995e-10
4814 1e-09 9.995e-10
4820 1e-09 9.995e-10
4872 1e-09 9.995e-10
4890 1e-09 9.995e-10
4892 1e-09 9.995e-10
4898 1e-09 9.995e-10
4902 1e-09 9.995e-10
4910 1e-09 9.995e-10
4918 1e-09 9.995e-10
4926 1e-09 9.995e-10
4936 1e-09 9.995e-10
4956 1e-09 9.995e-10
4964 1e-09 9.995e-10
4966 1e-09 9.995e-10
4968 1e-09 9.995e-10
4972 1e-09 9.995e-10
4974 1e-09 9.995e-10
4976 1e-09 9.995e-10
4984 1e-09 9.995e-10
4988 1e-09 9.995e-10
5002 1e-09 9.995e-10
5004 1e-09 9.995e-10
5018 1e-09 9.995e-10
5032 1e-09 9.995e-10
5046 1e-09 9.995e-10
5058 1e-09 9.995e-10
5088 1e-09 9.995e-10
5092 1e-09 9.995e-10
5094 1e-09 9.995e-10
5106 1e-09 9.995e-10
5112 1e-09 9.995e-10
5116 1e-09 9.995e-10
5132 1e-09 9.995e-10
5134 1e-09 9.995e-10
5138 1e-09 9.995e-10
5142 1e-09 9.995e-10
5154 1e-09 9.995e-10
5156 1e-09 9.995e-10
5170 2e-09 1.4128e-09
5178 1e-09 9.995e-10
5194 1e-09 9.995e-10
5204 1e-09 9.995e-10
5206 1e-09 9.995e-10
5226 2e-09 1.4128e-09
5242 1e-09 9.995e-10
5248 1e-09 9.995e-10
5256 1e-09 9.995e-10
5258 1e-09 9.995e-10
5284 1e-09 9.995e-10
5302 1e-09 9.995e-10
5310 1e-09 9.995e-10
5316 1e-09 9.995e-10
5320 2e-09 1.4128e-09
5332 2e-09 1.4128e-09
5336 1e-09 9.995e-10
5352 1e-09 9.995e-10
5360 1e-09 9.995e-10
5372 1e-09 9.995e-10
5376 1e-09 9.995e-10
5378 1e-09 9.995e-10
5392 1e-09 9.995e-10
5400 1e-09 9.995e-10
5412 1e-09 9.995e-10
5416 1e-09 9.995e-10
5418 1e-09 9.995e-10
5432 1e-09 9.995e-10
5442 1e-09 9.995e-10
5448 1e-09 9.995e-10
5454 1e-09 9.995e-10
5474 1e-09 9.995e-10
5486 1e-09 9.995e-10
5492 1e-09 9.995e-10
5506 1e-09 9.995e-10
5532 2e-09 1.4128e-09
5544 1e-09 9.995e-10
5554 1e-09 9.995e-10
5596 1e-09 9.995e-10
5610 1e-09 9.995e-10
5626 1e-09 9.995e-10
5640 1e-09 9.995e-10
5644 1e-09 9.995e-10
5650 1e-09 9.995e-10
5654 1e-09 9.995e-10
5666 1e-09 9.995e-10
5692 1e-09 9.995e-10
5700 1e-09 9.995e-10
5702 1e-09 9.995e-10
5708 1e-09 9.995e-10
5712 1e-09 9.995e-10
5720 1e-09 9.995e-10
5738 1e-09 9.995e-10
5742 1e-09 9.995e-10
5754 1e-09 9.995e-10
5756 1e-09 9.995e-10
5766 1e-09 9.995e-10
5772 1e-09 9.995e-10
5804 1e-09 9.995e-10
5806 1e-09 9.995e-10
5812 1e-09 9.995e-10
5820 1e-09 9.995e-10
5822 1e-09 9.995e-10
5828 1e-09 9.995e-10
5846 1e-09 9.995e-10
5856 1e-09 9.995e-10
5872 1e-09 9.995e-10
5874 1e-09 9.995e-10
5896 1e-09 9.995e-10
5898 1e-09 9.995e-10
5910 1e-09 9.995e-10
5932 1e-09 9.995e-10
5946 1e-09 9.995e-10
5968 1e-09 9.995e-10
5982 1e-09 9.995e-10
5998 1e-09 9.995e-10
6010 1e-09 9.995e-10
6022 1e-09 9.995e-10
6036 2e-09 1.4128e-09
6078 1e-09 9.995e-10
6084 1e-09 9.995e-10
6086 1e-09 9.995e-10
6092 1e-09 9.995e-10
6098 2e-09 1.4128e-09
6104 1e-09 9.995e-10
6112 1e-09 9.995e-10
6120 2e-09 1.4128e-09
6124 1e-09 9.995e-10
6128 1e-09 9.995e-10
6132 1e-09 9.995e-10
6136 2e-09 1.4128e-09
6166 2e-09 1.4128e-09
6170 1e-09 9.995e-10
6180 1e-09 9.995e-10
6188 1e-09 9.995e-10
6192 1e-09 9.995e-10
6198 1e-09 9.995e-10
6208 1e-09 9.995e-10
6212 1e-09 9.995e-10
6240 1e-09 9.995e-10
6242 2e-09 1.4128e-09
6250 1e-09 9.995e-10
6306 1e-09 9.995e-10
6308 2e-09 1.4128e-09
6336 1e-09 9.995e-10
6352 1e-09 9.995e-10
6354 1e-09 9.995e-10
6374 1e-09 9.995e-10
6406 1e-09 9.995e-10
6408 1e-09 9.995e-10
6412 1e-09 9.995e-10
6422 1e-09 9.995e-10
6438 2e-09 1.4128e-09
6444 1e-09 9.995e-10
6452 1e-09 9.995e-10
6460 1e-09 9.995e-10
6466 1e-09 9.995e-10
6472 1e-09 9.995e-10
6474 1e-09 9.995e-10
6490 1e-09 9.995e-10
6518 1e-09 9.995e-10
6636 1e-09 9.995e-10
6644 1e-09 9.995e-10
6654 1e-09 9.995e-10
6660 1e-09 9.995e-10
6666 1e-09 9.995e-10
6674 1e-09 9.995e-10
6708 1e-09 9.995e-10
6716 1e-09 9.995e-10
6728 1e-09 9.995e-10
6770 1e-09 9.995e-10
6818 1e-09 9.995e-10
6822 1e-09 9.995e-10
6844 1e-09 9.995e-10
6880 1e-09 9.995e-10
6904 1e-09 9.995e-10
6944 1e-09 9.995e-10
6952 1e-09 9.995e-10
6962 1e-09 9.995e-10
6966 1e-09 9.995e-10
6968 1e-09 9.995e-10
6970 1e-09 9.995e-10
6972 1e-09 9.995e-10
6978 1e-09 9.995e-10
6984 1e-09 9.995e-10
6988 1e-09 9.995e-10
7012 1e-09 9.995e-10
7018 1e-09 9.995e-10
7024 1e-09 9.995e-10
7028 1e-09 9.995e-10
7032 1e-09 9.995e-10
7038 1e-09 9.995e-10
7048 1e-09 9.995e-10
7058 1e-09 9.995e-10
7074 1e-09 9.995e-10
7082 1e-09 9.995e-10
7088 1e-09 9.995e-10
7094 1e-09 9.995e-10
7122 1e-09 9.995e-10
7140 1e-09 9.995e-10
7150 1e-09 9.995e-10
7158 4e-09 1.996e-09
7164 1e-09 9.995e-10
7172 1e-09 9.995e-10
7176 1e-09 9.995e-10
7184 1e-09 9.995e-10
7190 1e-09 9.995e-10
7204 1e-09 9.995e-10
7236 1e-09 9.995e-10
7254 1e-09 9.995e-10
7300 1e-09 9.995e-10
7304 1e-09 9.995e-10
7316 1e-09 9.995e-10
7332 1e-09 9.995e-10
7342 1e-09 9.995e-10
7370 1e-09 9.995e-10
7396 2e-09 1.4128e-09
7408 1e-09 9.995e-10
7424 1e-09 9.995e-10
7440 1e-09 9.995e-10
7444 1e-09 9.995e-10
7452 1e-09 9.995e-10
7464 1e-09 9.995e-10
7474 1e-09 9.995e-10
7476 1e-09 9.995e-10
7494 1e-09 9.995e-10
7504 1e-09 9.995e-10
7514 1e-09 9.995e-10
7516 1e-09 9.995e-10
7534 1e-09 9.995e-10
7556 1e-09 9.995e-10
7558 1e-09 9.995e-10
7562 1e-09 9.995e-10
7584 1e-09 9.995e-10
7588 1e-09 9.995e-10
7598 1e-09 9.995e-10
7602 1e-09 9.995e-10
7606 1e-09 9.995e-10
7632 1e-09 9.995e-10
7640 1e-09 9.995e-10
7658 1e-09 9.995e-10
7662 1e-09 9.995e-10
7678 1e-09 9.995e-10
7684 1e-09 9.995e-10
7686 1e-09 9.995e-10
7694 1e-09 9.995e-10
7714 1e-09 9.995e-10
7726 1e-09 9.995e-10
7730 1e-09 9.995e-10
7732 1e-09 9.995e-10
7736 1e-09 9.995e-10
7756 1e-09 9.995e-10
7768 1e-09 9.995e-10
7770 1e-09 9.995e-10
7788 1e-09 9.995e-10
7840 1e-09 9.995e-10
7842 1e-09 9.995e-10
7850 1e-09 9.995e-10
7856 1e-09 9.995e-10
7886 1e-09 9.995e-10
7906 1e-09 9.995e-10
7912 1e-09 9.995e-10
7914 1e-09 9.995e-10
7920 1e-09 9.995e-10
7954 1e-09 9.995e-10
7978 1e-09 9.995e-10
7982 1e-09 9.995e-10
7996 1e-09 9.995e-10
8010 1e-09 9.995e-10
8020 1e-09 9.995e-10
8042 1e-09 9.995e-10
8066 1e-09 9.995e-10
8072 1e-09 9.995e-10
8078 1e-09 9.995e-10
8084 1e-09 9.995e-10
8096 1e-09 9.995e-10
8114 1e-09 9.995e-10
8144 1e-09 9.995e-10
8170 1e-09 9.995e-10
8188 1e-09 9.995e-10
8204 1e-09 9.995e-10
8230 1e-09 9.995e-10
8236 1e-09 9.995e-10
8238 1e-09 9.995e-10
8244 1e-09 9.995e-10
8250 1e-09 9.995e-10
8252 1e-09 9.995e-10
8274 1e-09 9.995e-10
8288 1e-09 9.995e-10
8292 1e-09 9.995e-10
8296 1e-09 9.995e-10
8312 1e-09 9.995e-10
8332 1e-09 9.995e-10
8370 1e-09 9.995e-10
8392 1e-09 9.995e-10
8426 1e-09 9.995e-10
8436 1e-09 9.995e-10
8446 1e-09 9.995e-10
8474 1e-09 9.995e-10
8514 1e-09 9.995e-10
8530 1e-09 9.995e-10
8556 1e-09 9.995e-10
8560 1e-09 9.995e-10
8570 1e-09 9.995e-10
8572 1e-09 9.995e-10
8584 1e-09 9.995e-10
8586 1e-09 9.995e-10
8600 1e-09 9.995e-10
8602 1e-09 9.995e-10
8608 1e-09 9.995e-10
8636 1e-09 9.995e-10
8640 1e-09 9.995e-10
8646 2e-09 1.4128e-09
8678 1e-09 9.995e-10
8680 1e-09 9.995e-10
8716 1e-09 9.995e-10
8728 1e-09 9.995e-10
8736 1e-09 9.995e-10
8742 1e-09 9.995e-10
8746 1e-09 9.995e-10
8790 1e-09 9.995e-10
8792 1e-09 9.995e-10
8818 1e-09 9.995e-10
8830 1e-09 9.995e-10
8840 2e-09 1.4128e-09
8846 1e-09 9.995e-10
8852 1e-09 9.995e-10
8856 1e-09 9.995e-10
8878 1e-09 9.995e-10
8896 1e-09 9.995e-10
8904 1e-09 9.995e-10
8912 1e-09 9.995e-10
8936 1e-09 9.995e-10
8942 1e-09 9.995e-10
8948 1e-09 9.995e-10
8950 1e-09 9.995e-10
8954 1e-09 9.995e-10
8976 1e-09 9.995e-10
8978 1e-09 9.995e-10
9006 1e-09 9.995e-10
9012 1e-09 9.995e-10
9016 1e-09 9.995e-10
9022 2e-09 1.4128e-09
9030 1e-09 9.995e-10
9032 1e-09 9.995e-10
9040 1e-09 9.995e-10
9048 1e-09 9.995e-10
9076 1e-09 9.995e-10
9078 1e-09 9.995e-10
9084 1e-09 9.995e-10
9098 1e-09 9.995e-10
9114 1e-09 9.995e-10
9116 1e-09 9.995e-10
9118 1e-09 9.995e-10
9120 2e-09 1.4128e-09
9188 1e-09 9.995e-10
9214 1e-09 9.995e-10
9216 1e-09 9.995e-10
9234 2e-09 1.4128e-09
9260 1e-09 9.995e-10
9276 1e-09 9.995e-10
9292 1e-09 9.995e-10
9302 1e-09 9.995e-10
9326 1e-09 9.995e-10
9356 1e-09 9.995e-10
9374 1e-09 9.995e-10
9416 1e-09 9.995e-10
9444 1e-09 9.995e-10
9462 1e-09 9.995e-10
9508 1e-09 9.995e-10
9530 1e-09 9.995e-10
9536 1e-09 9.995e-10
9578 1e-09 9.995e-10
9604 1e-09 9.995e-10
9606 1e-09 9.995e-10
9652 1e-09 9.995e-10
9668 1e-09 9.995e-10
9682 1e-09 9.995e-10
9698 1e-09 9.995e-10
9726 1e-09 9.995e-10
9732 1e-09 9.995e-10
9744 1e-09 9.995e-10
9792 1e-09 9.995e-10
9830 1e-09 9.995e-10
9834 1e-09 9.995e-10
9850 1e-09 9.995e-10
9912 1e-09 9.995e-10
9916 1e-09 9.995e-10
9986 1e-09 9.995e-10
10008 1e-09 9.995e-10
10036 1e-09 9.995e-10
10042 1e-09 9.995e-10
10058 1e-09 9.995e-10
10064 1e-09 9.995e-10
10074 1e-09 9.995e-10
10112 1e-09 9.995e-10
10116 1e-09 9.995e-10
10150 1e-09 9.995e-10
10206 1e-09 9.995e-10
10220 1e-09 9.995e-10
10246 1e-09 9.995e-10
10268 1e-09 9.995e-10
10310 1e-09 9.995e-10
10314 1e-09 9.995e-10
10320 1e-09 9.995e-10
10362 1e-09 9.995e-10
10366 1e-09 9.995e-10
10378 1e-09 9.995e-10
10398 1e-09 9.995e-10
10416 1e-09 9.995e-10
10432 1e-09 9.995e-10
10448 1e-09 9.995e-10
10450 1e-09 9.995e-10
10482 1e-09 9.995e-10
10562 1e-09 9.995e-10
10564 1e-09 9.995e-10
10578 1e-09 9.995e-10
10602 1e-09 9.995e-10
10618 1e-09 9.995e-10
10636 1e-09 9.995e-10
10648 1e-09 9.995e-10
10656 1e-09 9.995e-10
10672 1e-09 9.995e-10
10710 1e-09 9.995e-10
10740 1e-09 9.995e-10
10846 1e-09 9.995e-10
10882 1e-09 9.995e-10
10904 1e-09 9.995e-10
10930 1e-09 9.995e-10
10950 1e-09 9.995e-10
10960 1e-09 9.995e-10
10968 2e-09 1.4128e-09
10998 1e-09 9.995e-10
11032 1e-09 9.995e-10
11034 1e-09 9.995e-10
11086 1e-09 9.995e-10
11126 1e-09 9.995e-10
11128 2e-09 1.4128e-09
11258 1e-09 9.995e-10
11262 1e-09 9.995e-10
11284 1e-09 9.995e-10
11296 1e-09 9.995e-10
11310 1e-09 9.995e-10
11314 2e-09 1.4128e-09
11340 1e-09 9.995e-10
11430 1e-09 9.995e-10
11438 1e-09 9.995e-10
11444 1e-09 9.995e-10
11512 1e-09 9.995e-10
11576 1e-09 9.995e-10
11678 2e-09 1.4128e-09
11690 1e-09 9.995e-10
11758 1e-09 9.995e-10
11780 1e-09 9.995e-10
11784 1e-09 9.995e-10
11794 1e-09 9.995e-10
11806 1e-09 9.995e-10
11918 1e-09 9.995e-10
11928 1e-09 9.995e-10
11930 1e-09 9.995e-10
11936 1e-09 9.995e-10
11972 1e-09 9.995e-10
12012 1e-09 9.995e-10
12072 1e-09 9.995e-10
12104 1e-09 9.995e-10
12110 1e-09 9.995e-10
12114 1e-09 9.995e-10
12132 1e-09 9.995e-10
12144 1e-09 9.995e-10
12200 1e-09 9.995e-10
12228 1e-09 9.995e-10
12274 1e-09 9.995e-10
12286 1e-09 9.995e-10
12310 1e-09 9.995e-10
12444 1e-09 9.995e-10
12498 1e-09 9.995e-10
12512 1e-09 9.995e-10
12520 1e-09 9.995e-10
12530 1e-09 9.995e-10
12544 1e-09 9.995e-10
12564 1e-09 9.995e-10
12602 1e-09 9.995e-10
12616 1e-09 9.995e-10
12666 1e-09 9.995e-10
12670 1e-09 9.995e-10
12682 2e-09 1.4128e-09
12742 1e-09 9.995e-10
12756 1e-09 9.995e-10
12758 1e-09 9.995e-10
12772 1e-09 9.995e-10
12784 1e-09 9.995e-10
12822 1e-09 9.995e-10
12838 1e-09 9.995e-10
12882 1e-09 9.995e-10
12884 1e-09 9.995e-10
12894 1e-09 9.995e-10
12910 1e-09 9.995e-10
12976 1e-09 9.995e-10
13008 1e-09 9.995e-10
13032 1e-09 9.995e-10
13068 1e-09 9.995e-10
13084 2e-09 1.4128e-09
13114 1e-09 9.995e-10
13132 1e-09 9.995e-10
13142 1e-09 9.995e-10
13154 1e-09 9.995e-10
13172 1e-09 9.995e-10
13176 1e-09 9.995e-10
13198 1e-09 9.995e-10
13212 1e-09 9.995e-10
13258 1e-09 9.995e-10
13330 1e-09 9.995e-10
13368 1e-09 9.995e-10
13382 1e-09 9.995e-10
13386 1e-09 9.995e-10
13390 1e-09 9.995e-10
13410 1e-09 9.995e-10
13454 1e-09 9.995e-10
13464 1e-09 9.995e-10
13470 1e-09 9.995e-10
13566 1e-09 9.995e-10
13600 1e-09 9.995e-10
13630 1e-09 9.995e-10
13642 1e-09 9.995e-10
13654 1e-09 9.995e-10
13680 1e-09 9.995e-10
13720 1e-09 9.995e-10
13786 1e-09 9.995e-10
13794 1e-09 9.995e-10
13826 1e-09 9.995e-10
13842 1e-09 9.995e-10
13866 1e-09 9.995e-10
13896 1e-09 9.995e-10
13924 1e-09 9.995e-10
13928 1e-09 9.995e-10
13940 1e-09 9.995e-10
13944 1e-09 9.995e-10
13950 1e-09 9.995e-10
13956 1e-09 9.995e-10
14008 1e-09 9.995e-10
14082 1e-09 9.995e-10
14090 1e-09 9.995e-10
14114 2e-09 1.4128e-09
14200 2e-09 1.4128e-09
14338 1e-09 9.995e-10
14358 1e-09 9.995e-10
14364 1e-09 9.995e-10
14390 1e-09 9.995e-10
14408 1e-09 9.995e-10
14448 1e-09 9.995e-10
14450 1e-09 9.995e-10
14488 1e-09 9.995e-10
14532 1e-09 9.995e-10
14540 1e-09 9.995e-10
14552 1e-09 9.995e-10
14598 1e-09 9.995e-10
14600 1e-09 9.995e-10
14644 1e-09 9.995e-10
14656 1e-09 9.995e-10
14720 1e-09 9.995e-10
14726 1e-09 9.995e-10
14728 1e-09 9.995e-10
14788 1e-09 9.995e-10
14836 1e-09 9.995e-10
14848 1e-09 9.995e-10
14876 1e-09 9.995e-10
14900 1e-09 9.995e-10
15132 1e-09 9.995e-10
15182 1e-09 9.995e-10
15196 1e-09 9.995e-10
15210 1e-09 9.995e-10
15214 1e-09 9.995e-10
15236 1e-09 9.995e-10
15238 1e-09 9.995e-10
15240 1e-09 9.995e-10
15304 1e-09 9.995e-10
15342 1e-09 9.995e-10
15352 1e-09 9.995e-10
15362 1e-09 9.995e-10
15366 1e-09 9.995e-10
15372 1e-09 9.995e-10
15444 1e-09 9.995e-10
15496 1e-09 9.995e-10
15512 1e-09 9.995e-10
15530 1e-09 9.995e-10
15584 1e-09 9.995e-10
15666 1e-09 9.995e-10
15676 1e-09 9.995e-10
15748 1e-09 9.995e-10
15788 1e-09 9.995e-10
15832 1e-09 9.995e-10
15842 1e-09 9.995e-10
15866 1e-09 9.995e-10
15868 2e-09 1.4128e-09
15934 1e-09 9.995e-10
15988 1e-09 9.995e-10
15996 1e-09 9.995e-10
16032 1e-09 9.995e-10
16098 1e-09 9.995e-10
16156 1e-09 9.995e-10
16164 1e-09 9.995e-10
16174 1e-09 9.995e-10
16194 1e-09 9.995e-10
16310 1e-09 9.995e-10
16330 1e-09 9.995e-10
16342 1e-09 9.995e-10
16408 1e-09 9.995e-10
16416 1e-09 9.995e-10
16470 1e-09 9.995e-10
16504 1e-09 9.995e-10
16568 1e-09 9.995e-10
16578 1e-09 9.995e-10
16750 1e-09 9.995e-10
16774 1e-09 9.995e-10
16846 1e-09 9.995e-10
16880 1e-09 9.995e-10
16904 1e-09 9.995e-10
16908 1e-09 9.995e-10
16926 2e-09 1.4128e-09
16936 1e-09 9.995e-10
16954 1e-09 9.995e-10
17112 1e-09 9.995e-10
17164 1e-09 9.995e-10
17220 1e-09 9.995e-10
17244 1e-09 9.995e-10
17290 1e-09 9.995e-10
17302 1e-09 9.995e-10
17340 1e-09 9.995e-10
17406 1e-09 9.995e-10
17426 1e-09 9.995e-10
17434 1e-09 9.995e-10
17474 1e-09 9.995e-10
17624 1e-09 9.995e-10
17676 1e-09 9.995e-10
17682 1e-09 9.995e-10
17732 1e-09 9.995e-10
17834 1e-09 9.995e-10
17874 1e-09 9.995e-10
17966 1e-09 9.995e-10
18028 1e-09 9.995e-10
18078 1e-09 9.995e-10
18084 1e-09 9.995e-10
18104 1e-09 9.995e-10
18128 1e-09 9.995e-10
18134 1e-09 9.995e-10
18150 1e-09 9.995e-10
18164 1e-09 9.995e-10
18190 1e-09 9.995e-10
18238 1e-09 9.995e-10
18278 2e-09 1.4128e-09
18286 1e-09 9.995e-10
18300 1e-09 9.995e-10
18332 1e-09 9.995e-10
18350 1e-09 9.995e-10
18370 2e-09 1.4128e-09
18382 1e-09 9.995e-10
18488 1e-09 9.995e-10
18502 1e-09 9.995e-10
18578 1e-09 9.995e-10
18582 1e-09 9.995e-10
18594 1e-09 9.995e-10
18670 1e-09 9.995e-10
18716 1e-09 9.995e-10
18764 1e-09 9.995e-10
18780 1e-09 9.995e-10
18794 1e-09 9.995e-10
18800 1e-09 9.995e-10
18844 1e-09 9.995e-10
18970 1e-09 9.995e-10
19186 1e-09 9.995e-10
19210 1e-09 9.995e-10
19240 1e-09 9.995e-10
19272 1e-09 9.995e-10
19298 1e-09 9.995e-10
19308 1e-09 9.995e-10
19312 1e-09 9.995e-10
19538 1e-09 9.995e-10
19562 1e-09 9.995e-10
19594 1e-09 9.995e-10
19642 1e-09 9.995e-10
19656 1e-09 9.995e-10
19676 1e-09 9.995e-10
19686 1e-09 9.995e-10
19718 1e-09 9.995e-10
19750 1e-09 9.995e-10
19782 1e-09 9.995e-10
19806 1e-09 9.995e-10
19810 1e-09 9.995e-10
19830 1e-09 9.995e-10
19848 1e-09 9.995e-10
19886 1e-09 9.995e-10
19928 1e-09 9.995e-10
19980 1e-09 9.995e-10
19998 1e-09 9.995e-10
20074 1e-09 9.995e-10
20084 1e-09 9.995e-10
20106 1e-09 9.995e-10
20114 1e-09 9.995e-10
20180 1e-09 9.995e-10
20320 1e-09 9.995e-10
20340 1e-09 9.995e-10
20384 1e-09 9.995e-10
20386 1e-09 9.995e-10
20396 1e-09 9.995e-10
20446 1e-09 9.995e-10
20482 1e-09 9.995e-10
20504 1e-09 9.995e-10
20536 1e-09 9.995e-10
20540 1e-09 9.995e-10
20558 1e-09 9.995e-10
20578 1e-09 9.995e-10
20640 1e-09 9.995e-10
20654 1e-09 9.995e-10
20660 1e-09 9.995e-10
20776 1e-09 9.995e-10
20840 1e-09 9.995e-10
20862 1e-09 9.995e-10
20918 1e-09 9.995e-10
20940 1e-09 9.995e-10
20954 1e-09 9.995e-10
20994 1e-09 9.995e-10
21026 1e-09 9.995e-10
21038 1e-09 9.995e-10
21054 1e-09 9.995e-10
21060 1e-09 9.995e-10
21132 1e-09 9.995e-10
21216 1e-09 9.995e-10
21350 1e-09 9.995e-10
21384 1e-09 9.995e-10
21532 1e-09 9.995e-10
21546 1e-09 9.995e-10
21562 1e-09 9.995e-10
21580 1e-09 9.995e-10
21610 1e-09 9.995e-10
21646 1e-09 9.995e-10
21652 1e-09 9.995e-10
21678 1e-09 9.995e-10
21756 1e-09 9.995e-10
21768 1e-09 9.995e-10
21810 1e-09 9.995e-10
21846 1e-09 9.995e-10
21874 1e-09 9.995e-10
21950 1e-09 9.995e-10
21962 1e-09 9.995e-10
22074 1e-09 9.995e-10
22120 1e-09 9.995e-10
22190 1e-09 9.995e-10
22244 1e-09 9.995e-10
22266 1e-09 9.995e-10
22288 1e-09 9.995e-10
22380 1e-09 9.995e-10
22460 1e-09 9.995e-10
22492 1e-09 9.995e-10
22500 1e-09 9.995e-10
22508 1e-09 9.995e-10
22536 1e-09 9.995e-10
22544 1e-09 9.995e-10
22708 1e-09 9.995e-10
22718 1e-09 9.995e-10
22722 1e-09 9.995e-10
22724 2e-09 1.4128e-09
22730 1e-09 9.995e-10
22752 1e-09 9.995e-10
22758 1e-09 9.995e-10
22762 1e-09 9.995e-10
22818 1e-09 9.995e-10
22848 1e-09 9.995e-10
22890 1e-09 9.995e-10
22894 1e-09 9.995e-10
22968 1e-09 9.995e-10
23108 1e-09 9.995e-10
23188 1e-09 9.995e-10
23286 1e-09 9.995e-10
23342 1e-09 9.995e-10
23504 1e-09 9.995e-10
23544 1e-09 9.995e-10
23622 1e-09 9.995e-10
23640 1e-09 9.995e-10
23880 1e-09 9.995e-10
23962 1e-09 9.995e-10
24014 1e-09 9.995e-10
24050 1e-09 9.995e-10
24068 1e-09 9.995e-10
24076 1e-09 9.995e-10
24118 1e-09 9.995e-10
24150 1e-09 9.995e-10
24194 1e-09 9.995e-10
24196 1e-09 9.995e-10
24242 1e-09 9.995e-10
24444 1e-09 9.995e-10
24470 1e-09 9.995e-10
24542 1e-09 9.995e-10
24676 1e-09 9.995e-10
24716 1e-09 9.995e-10
24802 1e-09 9.995e-10
24804 1e-09 9.995e-10
24814 1e-09 9.995e-10
24902 1e-09 9.995e-10
24932 1e-09 9.995e-10
24966 1e-09 9.995e-10
25040 1e-09 9.995e-10
25046 1e-09 9.995e-10
25156 1e-09 9.995e-10
25210 1e-09 9.995e-10
25250 1e-09 9.995e-10
25386 1e-09 9.995e-10
25426 1e-09 9.995e-10
25464 1e-09 9.995e-10
25474 1e-09 9.995e-10
25512 1e-09 9.995e-10
25628 1e-09 9.995e-10
25698 2e-09 1.4128e-09
25706 1e-09 9.995e-10
25710 2e-09 1.4128e-09
25812 1e-09 9.995e-10
25848 1e-09 9.995e-10
25854 1e-09 9.995e-10
25862 1e-09 9.995e-10
25904 1e-09 9.995e-10
25942 1e-09 9.995e-10
26028 1e-09 9.995e-10
26114 1e-09 9.995e-10
26124 1e-09 9.995e-10
26176 1e-09 9.995e-10
26228 1e-09 9.995e-10
26304 1e-09 9.995e-10
26358 1e-09 9.995e-10
26458 1e-09 9.995e-10
26476 1e-09 9.995e-10
26582 1e-09 9.995e-10
26710 1e-09 9.995e-10
26712 1e-09 9.995e-10
26788 1e-09 9.995e-10
26882 1e-09 9.995e-10
26944 1e-09 9.995e-10
26950 1e-09 9.995e-10
26964 1e-09 9.995e-10
26996 1e-09 9.995e-10
27012 1e-09 9.995e-10
27062 1e-09 9.995e-10
27090 1e-09 9.995e-10
27112 1e-09 9.995e-10
27126 1e-09 9.995e-10
27222 1e-09 9.995e-10
27288 1e-09 9.995e-10
27296 1e-09 9.995e-10
27304 1e-09 9.995e-10
27372 1e-09 9.995e-10
27422 1e-09 9.995e-10
27436 1e-09 9.995e-10
27490 1e-09 9.995e-10
27544 1e-09 9.995e-10
27582 1e-09 9.995e-10
27588 1e-09 9.995e-10
27594 1e-09 9.995e-10
27598 1e-09 9.995e-10
27692 1e-09 9.995e-10
27982 1e-09 9.995e-10
27992 1e-09 9.995e-10
28022 1e-09 9.995e-10
28050 1e-09 9.995e-10
28080 1e-09 9.995e-10
28104 1e-09 9.995e-10
28138 1e-09 9.995e-10
28196 1e-09 9.995e-10
28266 1e-09 9.995e-10
28356 1e-09 9.995e-10
28408 1e-09 9.995e-10
28514 1e-09 9.995e-10
28542 1e-09 9.995e-10
28544 1e-09 9.995e-10
28590 1e-09 9.995e-10
28596 1e-09 9.995e-10
28632 1e-09 9.995e-10
28652 1e-09 9.995e-10
28754 1e-09 9.995e-10
28770 1e-09 9.995e-10
28802 1e-09 9.995e-10
28884 1e-09 9.995e-10
28940 1e-09 9.995e-10
28944 1e-09 9.995e-10
28974 1e-09 9.995e-10
29032 1e-09 9.995e-10
29050 1e-09 9.995e-10
29118 1e-09 9.995e-10
29124 1e-09 9.995e-10
29146 1e-09 9.995e-10
29162 1e-09 9.995e-10
29202 1e-09 9.995e-10
29322 1e-09 9.995e-10
29414 1e-09 9.995e-10
29430 1e-09 9.995e-10
29640 1e-09 9.995e-10
29702 1e-09 9.995e-10
29726 1e-09 9.995e-10
30024 1e-09 9.995e-10
30056 2e-09 1.4128e-09
30088 1e-09 9.995e-10
30164 1e-09 9.995e-10
30304 1e-09 9.995e-10
30310 1e-09 9.995e-10
30450 1e-09 9.995e-10
30500 2e-09 1.4128e-09
30602 1e-09 9.995e-10
30686 1e-09 9.995e-10
30710 1e-09 9.995e-10
30736 1e-09 9.995e-10
30746 1e-09 9.995e-10
30842 1e-09 9.995e-10
30890 1e-09 9.995e-10
30948 1e-09 9.995e-10
31044 1e-09 9.995e-10
31070 1e-09 9.995e-10
31078 1e-09 9.995e-10
31152 1e-09 9.995e-10
31202 1e-09 9.995e-10
31272 1e-09 9.995e-10
31308 1e-09 9.995e-10
31372 1e-09 9.995e-10
31492 1e-09 9.995e-10
31530 1e-09 9.995e-10
31616 1e-09 9.995e-10
31734 1e-09 9.995e-10
31790 1e-09 9.995e-10
32062 1e-09 9.995e-10
32126 1e-09 9.995e-10
32154 1e-09 9.995e-10
32244 2e-09 1.4128e-09
32318 1e-09 9.995e-10
32380 1e-09 9.995e-10
32482 1e-09 9.995e-10
32598 1e-09 9.995e-10
32612 1e-09 9.995e-10
32748 1e-09 9.995e-10
32822 1e-09 9.995e-10
32922 1e-09 9.995e-10
33064 1e-09 9.995e-10
33128 1e-09 9.995e-10
33134 1e-09 9.995e-10
33216 1e-09 9.995e-10
33270 1e-09 9.995e-10
33314 1e-09 9.995e-10
33532 1e-09 9.995e-10
33564 1e-09 9.995e-10
33670 1e-09 9.995e-10
33726 1e-09 9.995e-10
33912 1e-09 9.995e-10
34030 1e-09 9.995e-10
34106 1e-09 9.995e-10
34156 1e-09 9.995e-10
34268 1e-09 9.995e-10
34286 1e-09 9.995e-10
34392 1e-09 9.995e-10
34432 1e-09 9.995e-10
34446 1e-09 9.995e-10
34570 1e-09 9.995e-10
34850 1e-09 9.995e-10
34968 1e-09 9.995e-10
35000 2e-09 1.4128e-09
35030 1e-09 9.995e-10
35032 1e-09 9.995e-10
35088 1e-09 9.995e-10
35150 1e-09 9.995e-10
35202 1e-09 9.995e-10
35216 1e-09 9.995e-10
35334 1e-09 9.995e-10
35570 1e-09 9.995e-10
35604 1e-09 9.995e-10
35620 1e-09 9.995e-10
35628 1e-09 9.995e-10
35636 1e-09 9.995e-10
35640 1e-09 9.995e-10
35672 1e-09 9.995e-10
35704 1e-09 9.995e-10
36038 1e-09 9.995e-10
36272 1e-09 9.995e-10
36462 1e-09 9.995e-10
36484 1e-09 9.995e-10
36598 1e-09 9.995e-10
36600 1e-09 9.995e-10
36658 1e-09 9.995e-10
36688 1e-09 9.995e-10
36728 1e-09 9.995e-10
36816 1e-09 9.995e-10
36862 1e-09 9.995e-10
37070 1e-09 9.995e-10
37100 2e-09 1.4128e-09
37118 1e-09 9.995e-10
37234 1e-09 9.995e-10
37332 1e-09 9.995e-10
37510 1e-09 9.995e-10
37576 1e-09 9.995e-10
37640 1e-09 9.995e-10
37710 1e-09 9.995e-10
37760 1e-09 9.995e-10
37776 1e-09 9.995e-10
38002 1e-09 9.995e-10
38110 1e-09 9.995e-10
38148 1e-09 9.995e-10
38172 1e-09 9.995e-10
38228 1e-09 9.995e-10
38242 1e-09 9.995e-10
38254 1e-09 9.995e-10
38258 1e-09 9.995e-10
38380 1e-09 9.995e-10
38420 1e-09 9.995e-10
38540 1e-09 9.995e-10
38666 1e-09 9.995e-10
38722 1e-09 9.995e-10
38796 1e-09 9.995e-10
38838 1e-09 9.995e-10
38858 1e-09 9.995e-10
38868 1e-09 9.995e-10
39056 1e-09 9.995e-10
39146 1e-09 9.995e-10
39172 1e-09 9.995e-10
39368 1e-09 9.995e-10
39528 1e-09 9.995e-10
39630 1e-09 9.995e-10
39650 1e-09 9.995e-10
39726 1e-09 9.995e-10
39860 1e-09 9.995e-10
39942 1e-09 9.995e-10
39986 1e-09 9.995e-10
40012 1e-09 9.995e-10
40050 1e-09 9.995e-10
40254 1e-09 9.995e-10
40458 1e-09 9.995e-10
40482 1e-09 9.995e-10
40540 1e-09 9.995e-10
40738 1e-09 9.995e-10
40798 1e-09 9.995e-10
40814 1e-09 9.995e-10
40832 1e-09 9.995e-10
40916 1e-09 9.995e-10
40932 1e-09 9.995e-10
40936 1e-09 9.995e-10
41008 1e-09 9.995e-10
41018 1e-09 9.995e-10
41084 1e-09 9.995e-10
41112 1e-09 9.995e-10
41114 1e-09 9.995e-10
41186 1e-09 9.995e-10
41514 1e-09 9.995e-10
41532 1e-09 9.995e-10
41540 1e-09 9.995e-10
41554 1e-09 9.995e-10
41662 1e-09 9.995e-10
42054 1e-09 9.995e-10
42246 1e-09 9.995e-10
42410 1e-09 9.995e-10
42700 1e-09 9.995e-10
42790 1e-09 9.995e-10
42842 1e-09 9.995e-10
42866 1e-09 9.995e-10
42950 1e-09 9.995e-10
42992 1e-09 9.995e-10
43220 1e-09 9.995e-10
43308 1e-09 9.995e-10
43394 1e-09 9.995e-10
43408 1e-09 9.995e-10
43440 1e-09 9.995e-10
43654 1e-09 9.995e-10
43656 1e-09 9.995e-10
43730 1e-09 9.995e-10
43908 1e-09 9.995e-10
43920 1e-09 9.995e-10
44032 1e-09 9.995e-10
44124 1e-09 9.995e-10
44150 1e-09 9.995e-10
44198 1e-09 9.995e-10
44328 1e-09 9.995e-10
44518 1e-09 9.995e-10
44572 1e-09 9.995e-10
44642 1e-09 9.995e-10
44716 1e-09 9.995e-10
44922 1e-09 9.995e-10
44932 1e-09 9.995e-10
45156 1e-09 9.995e-10
45162 1e-09 9.995e-10
45178 1e-09 9.995e-10
45198 1e-09 9.995e-10
45286 1e-09 9.995e-10
45382 1e-09 9.995e-10
45470 1e-09 9.995e-10
45476 1e-09 9.995e-10
45558 1e-09 9.995e-10
45722 1e-09 9.995e-10
45840 1e-09 9.995e-10
45868 1e-09 9.995e-10
46030 1e-09 9.995e-10
46098 1e-09 9.995e-10
46532 1e-09 9.995e-10
46568 1e-09 9.995e-10
46726 1e-09 9.995e-10
46822 1e-09 9.995e-10
46874 1e-09 9.995e-10
47028 1e-09 9.995e-10
47064 1e-09 9.995e-10
47140 1e-09 9.995e-10
47184 1e-09 9.995e-10
47196 1e-09 9.995e-10
47204 1e-09 9.995e-10
47232 1e-09 9.995e-10
47242 1e-09 9.995e-10
47244 1e-09 9.995e-10
47266 1e-09 9.995e-10
47288 1e-09 9.995e-10
47558 1e-09 9.995e-10
47960 1e-09 9.995e-10
47966 1e-09 9.995e-10
48022 1e-09 9.995e-10
48040 1e-09 9.995e-10
48078 1e-09 9.995e-10
48136 1e-09 9.995e-10
48156 1e-09 9.995e-10
48200 1e-09 9.995e-10
48400 1e-09 9.995e-10
48484 1e-09 9.995e-10
48510 1e-09 9.995e-10
48750 1e-09 9.995e-10
48790 1e-09 9.995e-10
48824 1e-09 9.995e-10
48922 1e-09 9.995e-10
48938 1e-09 9.995e-10
48996 1e-09 9.995e-10
49012 1e-09 9.995e-10
49072 1e-09 9.995e-10
49112 1e-09 9.995e-10
49156 1e-09 9.995e-10
49308 1e-09 9.995e-10
49486 1e-09 9.995e-10
49494 1e-09 9.995e-10
49658 1e-09 9.995e-10
49666 1e-09 9.995e-10
49686 1e-09 9.995e-10
49706 1e-09 9.995e-10
49712 1e-09 9.995e-10
49808 1e-09 9.995e-10
49914 1e-09 9.995e-10
50024 1e-09 9.995e-10
50116 1e-09 9.995e-10
50168 1e-09 9.995e-10
50348 1e-09 9.995e-10
50436 1e-09 9.995e-10
50456 1e-09 9.995e-10
50458 1e-09 9.995e-10
50488 1e-09 9.995e-10
50580 1e-09 9.995e-10
50618 1e-09 9.995e-10
50866 1e-09 9.995e-10
51000 1e-09 9.995e-10
51084 1e-09 9.995e-10
51184 1e-09 9.995e-10
51280 1e-09 9.995e-10
51324 1e-09 9.995e-10
51458 1e-09 9.995e-10
51790 1e-09 9.995e-10
51824 1e-09 9.995e-10
51896 1e-09 9.995e-10
52006 1e-09 9.995e-10
52026 1e-09 9.995e-10
52406 1e-09 9.995e-10
52488 1e-09 9.995e-10
53020 1e-09 9.995e-10
53480 1e-09 9.995e-10
53602 1e-09 9.995e-10
53832 1e-09 9.995e-10
53884 1e-09 9.995e-10
53894 1e-09 9.995e-10
54178 1e-09 9.995e-10
54302 1e-09 9.995e-10
54328 1e-09 9.995e-10
54442 1e-09 9.995e-10
54458 1e-09 9.995e-10
54574 1e-09 9.995e-10
54604 1e-09 9.995e-10
54696 1e-09 9.995e-10
54806 1e-09 9.995e-10
54840 1e-09 9.995e-10
54868 1e-09 9.995e-10
55022 1e-09 9.995e-10
55038 1e-09 9.995e-10
55052 1e-09 9.995e-10
55192 1e-09 9.995e-10
55208 1e-09 9.995e-10
55516 1e-09 9.995e-10
55536 1e-09 9.995e-10
55740 1e-09 9.995e-10
55774 1e-09 9.995e-10
55998 1e-09 9.995e-10
56048 1e-09 9.995e-10
56456 1e-09 9.995e-10
56470 1e-09 9.995e-10
56582 1e-09 9.995e-10
56588 1e-09 9.995e-10
56746 1e-09 9.995e-10
57022 1e-09 9.995e-10
57042 1e-09 9.995e-10
57246 1e-09 9.995e-10
57304 1e-09 9.995e-10
57364 1e-09 9.995e-10
57440 1e-09 9.995e-10
57590 1e-09 9.995e-10
57758 1e-09 9.995e-10
57918 1e-09 9.995e-10
58132 1e-09 9.995e-10
58342 1e-09 9.995e-10
58396 1e-09 9.995e-10
58540 1e-09 9.995e-10
58592 1e-09 9.995e-10
58608 1e-09 9.995e-10
58736 1e-09 9.995e-10
58778 1e-09 9.995e-10
59118 1e-09 9.995e-10
59230 1e-09 9.995e-10
59296 1e-09 9.995e-10
59396 1e-09 9.995e-10
59432 1e-09 9.995e-10
59476 1e-09 9.995e-10
59532 1e-09 9.995e-10
59662 1e-09 9.995e-10
59668 1e-09 9.995e-10
59972 1e-09 9.995e-10
59976 1e-09 9.995e-10
60054 1e-09 9.995e-10
60096 1e-09 9.995e-10
60100 1e-09 9.995e-10
60558 1e-09 9.995e-10
60646 1e-09 9.995e-10
60660 1e-09 9.995e-10
60716 1e-09 9.995e-10
60772 1e-09 9.995e-10
60948 1e-09 9.995e-10
61470 1e-09 9.995e-10
61716 1e-09 9.995e-10
61848 1e-09 9.995e-10
61944 1e-09 9.995e-10
62086 1e-09 9.995e-10
62124 1e-09 9.995e-10
62214 1e-09 9.995e-10
62342 1e-09 9.995e-10
62526 1e-09 9.995e-10
62584 1e-09 9.995e-10
62694 1e-09 9.995e-10
62762 1e-09 9.995e-10
62866 1e-09 9.995e-10
62970 1e-09 9.995e-10
63100 1e-09 9.995e-10
63158 1e-09 9.995e-10
63306 1e-09 9.995e-10
63354 1e-09 9.995e-10
63526 1e-09 9.995e-10
63674 1e-09 9.995e-10
63832 1e-09 9.995e-10
63836 1e-09 9.995e-10
63994 1e-09 9.995e-10
64018 1e-09 9.995e-10
64094 1e-09 9.995e-10
64404 1e-09 9.995e-10
65090 1e-09 9.995e-10
65282 1e-09 9.995e-10
65368 1e-09 9.995e-10
65588 1e-09 9.995e-10
65648 1e-09 9.995e-10
66036 1e-09 9.995e-10
66320 1e-09 9.995e-10
66332 1e-09 9.995e-10
66388 1e-09 9.995e-10
66558 1e-09 9.995e-10
66708 1e-09 9.995e-10
66942 1e-09 9.995e-10
67186 1e-09 9.995e-10
67288 1e-09 9.995e-10
67300 1e-09 9.995e-10
67710 1e-09 9.995e-10
67848 1e-09 9.995e-10
67892 1e-09 9.995e-10
68186 2e-09 1.4128e-09
68320 1e-09 9.995e-10
68734 1e-09 9.995e-10
68924 1e-09 9.995e-10
68966 1e-09 9.995e-10
69466 1e-09 9.995e-10
69600 1e-09 9.995e-10
69926 1e-09 9.995e-10
70106 1e-09 9.995e-10
70110 1e-09 9.995e-10
70228 1e-09 9.995e-10
70254 1e-09 9.995e-10
70492 1e-09 9.995e-10
70614 1e-09 9.995e-10
70746 1e-09 9.995e-10
70932 1e-09 9.995e-10
70986 1e-09 9.995e-10
71064 1e-09 9.995e-10
71168 1e-09 9.995e-10
71380 1e-09 9.995e-10
71428 1e-09 9.995e-10
71686 1e-09 9.995e-10
72298 1e-09 9.995e-10
72408 1e-09 9.995e-10
72416 1e-09 9.995e-10
72466 1e-09 9.995e-10
72690 1e-09 9.995e-10
73032 1e-09 9.995e-10
73066 1e-09 9.995e-10
73108 1e-09 9.995e-10
73138 1e-09 9.995e-10
73220 1e-09 9.995e-10
73224 1e-09 9.995e-10
73236 1e-09 9.995e-10
73266 1e-09 9.995e-10
73524 1e-09 9.995e-10
73552 1e-09 9.995e-10
73702 1e-09 9.995e-10
73776 1e-09 9.995e-10
73890 1e-09 9.995e-10
74130 1e-09 9.995e-10
74246 1e-09 9.995e-10
74348 1e-09 9.995e-10
74354 1e-09 9.995e-10
74474 1e-09 9.995e-10
74860 1e-09 9.995e-10
75176 1e-09 9.995e-10
75216 1e-09 9.995e-10
75552 1e-09 9.995e-10
75598 1e-09 9.995e-10
75618 1e-09 9.995e-10
75922 1e-09 9.995e-10
76012 1e-09 9.995e-10
76028 1e-09 9.995e-10
76370 1e-09 9.995e-10
76400 1e-09 9.995e-10
76596 1e-09 9.995e-10
76650 1e-09 9.995e-10
76836 1e-09 9.995e-10
77296 1e-09 9.995e-10
77666 1e-09 9.995e-10
77790 1e-09 9.995e-10
77850 1e-09 9.995e-10
77882 1e-09 9.995e-10
78004 1e-09 9.995e-10
78122 1e-09 9.995e-10
78180 1e-09 9.995e-10
78238 1e-09 9.995e-10
78276 1e-09 9.995e-10
78516 1e-09 9.995e-10
78908 1e-09 9.995e-10
79008 1e-09 9.995e-10
79036 1e-09 9.995e-10
79198 1e-09 9.995e-10
79436 1e-09 9.995e-10
79704 1e-09 9.995e-10
79866 1e-09 9.995e-10
79906 1e-09 9.995e-10
80164 1e-09 9.995e-10
80194 1e-09 9.995e-10
80200 1e-09 9.995e-10
80262 1e-09 9.995e-10
80292 1e-09 9.995e-10
80630 1e-09 9.995e-10
80662 1e-09 9.995e-10
80788 1e-09 9.995e-10
80946 1e-09 9.995e-10
81696 1e-09 9.995e-10
81902 1e-09 9.995e-10
82762 1e-09 9.995e-10
83020 1e-09 9.995e-10
83350 1e-09 9.995e-10
83796 1e-09 9.995e-10
84030 1e-09 9.995e-10
84034 1e-09 9.995e-10
84082 1e-09 9.995e-10
84190 1e-09 9.995e-10
84284 1e-09 9.995e-10
84412 1e-09 9.995e-10
84444 1e-09 9.995e-10
84466 1e-09 9.995e-10
84588 1e-09 9.995e-10
84602 1e-09 9.995e-10
84878 1e-09 9.995e-10
85016 1e-09 9.995e-10
85114 1e-09 9.995e-10
85372 1e-09 9.995e-10
85648 1e-09 9.995e-10
85682 1e-09 9.995e-10
86020 1e-09 9.995e-10
86284 1e-09 9.995e-10
86328 1e-09 9.995e-10
86718 1e-09 9.995e-10
87244 1e-09 9.995e-10
87636 1e-09 9.995e-10
87672 1e-09 9.995e-10
87702 1e-09 9.995e-10
87726 1e-09 9.995e-10
88028 1e-09 9.995e-10
88104 1e-09 9.995e-10
88416 1e-09 9.995e-10
88478 1e-09 9.995e-10
89088 1e-09 9.995e-10
89532 1e-09 9.995e-10
89662 1e-09 9.995e-10
89708 1e-09 9.995e-10
89728 1e-09 9.995e-10
89892 1e-09 9.995e-10
90002 1e-09 9.995e-10
90150 1e-09 9.995e-10
90550 1e-09 9.995e-10
90566 1e-09 9.995e-10
90698 1e-09 9.995e-10
91126 1e-09 9.995e-10
91374 1e-09 9.995e-10
91466 1e-09 9.995e-10
91500 1e-09 9.995e-10
91542 1e-09 9.995e-10
91578 1e-09 9.995e-10
91800 1e-09 9.995e-10
92346 1e-09 9.995e-10
93356 1e-09 9.995e-10
93358 1e-09 9.995e-10
93362 1e-09 9.995e-10
93448 1e-09 9.995e-10
93740 1e-09 9.995e-10
93850 1e-09 9.995e-10
94074 1e-09 9.995e-10
94382 1e-09 9.995e-10
94422 1e-09 9.995e-10
94554 1e-09 9.995e-10
94624 1e-09 9.995e-10
94626 1e-09 9.995e-10
94830 1e-09 9.995e-10
95414 1e-09 9.995e-10
95482 1e-09 9.995e-10
95586 1e-09 9.995e-10
95686 1e-09 9.995e-10
96326 1e-09 9.995e-10
96440 1e-09 9.995e-10
96628 1e-09 9.995e-10
96854 1e-09 9.995e-10
97178 1e-09 9.995e-10
97312 1e-09 9.995e-10
97570 1e-09 9.995e-10
97742 1e-09 9.995e-10
97750 1e-09 9.995e-10
97840 1e-09 9.995e-10
97864 1e-09 9.995e-10
98078 1e-09 9.995e-10
98470 1e-09 9.995e-10
98752 1e-09 9.995e-10
99024 1e-09 9.995e-10
99392 1e-09 9.995e-10
99648 1e-09 9.995e-10
99786 1e-09 9.995e-10
100868 1e-09 9.995e-10
100980 1e-09 9.995e-10
101254 1e-09 9.995e-10
101514 1e-09 9.995e-10
101706 1e-09 9.995e-10
101772 1e-09 9.995e-10
101966 1e-09 9.995e-10
102012 1e-09 9.995e-10
102136 1e-09 9.995e-10
102348 1e-09 9.995e-10
102516 1e-09 9.995e-10
102876 1e-09 9.995e-10
103128 1e-09 9.995e-10
103344 1e-09 9.995e-10
103606 1e-09 9.995e-10
103762 1e-09 9.995e-10
103796 1e-09 9.995e-10
104048 1e-09 9.995e-10
104082 1e-09 9.995e-10
104210 1e-09 9.995e-10
104708 1e-09 9.995e-10
104892 1e-09 9.995e-10
105060 1e-09 9.995e-10
105800 1e-09 9.995e-10
106060 1e-09 9.995e-10
106072 1e-09 9.995e-10
106252 1e-09 9.995e-10
106262 1e-09 9.995e-10
106318 1e-09 9.995e-10
106470 1e-09 9.995e-10
106850 1e-09 9.995e-10
106920 1e-09 9.995e-10
106922 1e-09 9.995e-10
106986 1e-09 9.995e-10
107078 1e-09 9.995e-10
107230 1e-09 9.995e-10
107402 1e-09 9.995e-10
108148 1e-09 9.995e-10
109400 1e-09 9.995e-10
109468 1e-09 9.995e-10
109872 1e-09 9.995e-10
110250 1e-09 9.995e-10
110458 1e-09 9.995e-10
110488 1e-09 9.995e-10
110512 1e-09 9.995e-10
110514 1e-09 9.995e-10
110802 1e-09 9.995e-10
111432 1e-09 9.995e-10
111440 1e-09 9.995e-10
112032 1e-09 9.995e-10
112740 1e-09 9.995e-10
112822 2e-09 1.4128e-09
112994 1e-09 9.995e-10
113084 1e-09 9.995e-10
113274 1e-09 9.995e-10
113424 1e-09 9.995e-10
113576 1e-09 9.995e-10
113816 1e-09 9.995e-10
113946 1e-09 9.995e-10
113954 1e-09 9.995e-10
113970 1e-09 9.995e-10
113974 1e-09 9.995e-10
114024 1e-09 9.995e-10
114072 1e-09 9.995e-10
114266 1e-09 9.995e-10
114500 1e-09 9.995e-10
114726 1e-09 9.995e-10
114840 1e-09 9.995e-10
114954 1e-09 9.995e-10
114994 1e-09 9.995e-10
115134 1e-09 9.995e-10
115176 1e-09 9.995e-10
115752 1e-09 9.995e-10
116070 1e-09 9.995e-10
116092 1e-09 9.995e-10
116262 1e-09 9.995e-10
116816 1e-09 9.995e-10
117194 1e-09 9.995e-10
117218 1e-09 9.995e-10
118072 1e-09 9.995e-10
118166 1e-09 9.995e-10
118204 1e-09 9.995e-10
118272 1e-09 9.995e-10
119020 1e-09 9.995e-10
119036 1e-09 9.995e-10
119230 1e-09 9.995e-10
119672 1e-09 9.995e-10
119690 1e-09 9.995e-10
120038 1e-09 9.995e-10
120302 1e-09 9.995e-10
120484 1e-09 9.995e-10
120568 1e-09 9.995e-10
121020 1e-09 9.995e-10
121188 1e-09 9.995e-10
121242 1e-09 9.995e-10
121780 1e-09 9.995e-10
121954 1e-09 9.995e-10
122232 1e-09 9.995e-10
123112 1e-09 9.995e-10
123158 1e-09 9.995e-10
123168 1e-09 9.995e-10
123522 1e-09 9.995e-10
123706 1e-09 9.995e-10
124466 1e-09 9.995e-10
124754 1e-09 9.995e-10
124790 1e-09 9.995e-10
124878 1e-09 9.995e-10
125080 1e-09 9.995e-10
125242 1e-09 9.995e-10
125754 1e-09 9.995e-10
126142 1e-09 9.995e-10
126514 1e-09 9.995e-10
126524 1e-09 9.995e-10
126896 1e-09 9.995e-10
127066 1e-09 9.995e-10
127446 1e-09 9.995e-10
127818 1e-09 9.995e-10
127904 1e-09 9.995e-10
128588 1e-09 9.995e-10
128626 1e-09 9.995e-10
128998 1e-09 9.995e-10
129110 1e-09 9.995e-10
129580 1e-09 9.995e-10
129740 1e-09 9.995e-10
130238 1e-09 9.995e-10
130448 1e-09 9.995e-10
131148 1e-09 9.995e-10
132116 1e-09 9.995e-10
132368 1e-09 9.995e-10
132480 1e-09 9.995e-10
132924 1e-09 9.995e-10
133232 1e-09 9.995e-10
134046 1e-09 9.995e-10
134258 1e-09 9.995e-10
134890 1e-09 9.995e-10
135012 1e-09 9.995e-10
135098 1e-09 9.995e-10
135242 1e-09 9.995e-10
135304 1e-09 9.995e-10
135384 1e-09 9.995e-10
135386 1e-09 9.995e-10
135646 1e-09 9.995e-10
135996 1e-09 9.995e-10
136074 1e-09 9.995e-10
136366 1e-09 9.995e-10
136448 1e-09 9.995e-10
136546 1e-09 9.995e-10
136680 1e-09 9.995e-10
137092 1e-09 9.995e-10
138710 1e-09 9.995e-10
138934 1e-09 9.995e-10
139056 1e-09 9.995e-10
139372 1e-09 9.995e-10
139550 1e-09 9.995e-10
140184 1e-09 9.995e-10
140392 1e-09 9.995e-10
140714 1e-09 9.995e-10
140920 1e-09 9.995e-10
141662 1e-09 9.995e-10
141922 1e-09 9.995e-10
142016 1e-09 9.995e-10
142202 1e-09 9.995e-10
142244 1e-09 9.995e-10
142726 1e-09 9.995e-10
143072 1e-09 9.995e-10
143202 1e-09 9.995e-10
143378 1e-09 9.995e-10
143398 1e-09 9.995e-10
143506 1e-09 9.995e-10
144026 1e-09 9.995e-10
144296 1e-09 9.995e-10
144522 1e-09 9.995e-10
144540 1e-09 9.995e-10
144666 1e-09 9.995e-10
144868 1e-09 9.995e-10
145070 1e-09 9.995e-10
145644 1e-09 9.995e-10
146170 1e-09 9.995e-10
146400 1e-09 9.995e-10
146928 1e-09 9.995e-10
147352 1e-09 9.995e-10
147504 1e-09 9.995e-10
147926 1e-09 9.995e-10
148790 1e-09 9.995e-10
148924 1e-09 9.995e-10
149000 1e-09 9.995e-10
150216 1e-09 9.995e-10
150384 1e-09 9.995e-10
150782 1e-09 9.995e-10
151004 1e-09 9.995e-10
151048 1e-09 9.995e-10
151506 1e-09 9.995e-10
151542 1e-09 9.995e-10
151926 1e-09 9.995e-10
152472 1e-09 9.995e-10
153324 1e-09 9.995e-10
154008 1e-09 9.995e-10
154270 1e-09 9.995e-10
154308 1e-09 9.995e-10
154348 1e-09 9.995e-10
154374 1e-09 9.995e-10
154812 1e-09 9.995e-10
154986 1e-09 9.995e-10
155522 1e-09 9.995e-10
155640 1e-09 9.995e-10
155722 1e-09 9.995e-10
156002 1e-09 9.995e-10
156602 1e-09 9.995e-10
156992 1e-09 9.995e-10
157132 1e-09 9.995e-10
157366 1e-09 9.995e-10
157518 1e-09 9.995e-10
157686 1e-09 9.995e-10
157880 1e-09 9.995e-10
158038 1e-09 9.995e-10
158092 1e-09 9.995e-10
158126 1e-09 9.995e-10
158358 1e-09 9.995e-10
158520 1e-09 9.995e-10
159236 1e-09 9.995e-10
159432 1e-09 9.995e-10
160234 1e-09 9.995e-10
160260 1e-09 9.995e-10
160474 1e-09 9.995e-10
160658 1e-09 9.995e-10
161274 1e-09 9.995e-10
161510 1e-09 9.995e-10
162170 1e-09 9.995e-10
162496 1e-09 9.995e-10
162868 1e-09 9.995e-10
163344 1e-09 9.995e-10
164112 1e-09 9.995e-10
164256 1e-09 9.995e-10
164312 1e-09 9.995e-10
164940 1e-09 9.995e-10
165270 1e-09 9.995e-10
165556 1e-09 9.995e-10
165944 1e-09 9.995e-10
166128 1e-09 9.995e-10
166296 1e-09 9.995e-10
166368 1e-09 9.995e-10
166400 1e-09 9.995e-10
167076 1e-09 9.995e-10
167140 1e-09 9.995e-10
167492 1e-09 9.995e-10
168150 1e-09 9.995e-10
168620 1e-09 9.995e-10
168820 1e-09 9.995e-10
168874 1e-09 9.995e-10
169344 1e-09 9.995e-10
169748 1e-09 9.995e-10
170632 1e-09 9.995e-10
171050 1e-09 9.995e-10
171374 1e-09 9.995e-10
171986 1e-09 9.995e-10
172218 1e-09 9.995e-10
172354 1e-09 9.995e-10
172478 1e-09 9.995e-10
172808 1e-09 9.995e-10
173856 1e-09 9.995e-10
173948 1e-09 9.995e-10
174080 1e-09 9.995e-10
174528 1e-09 9.995e-10
175054 1e-09 9.995e-10
175874 1e-09 9.995e-10
176080 1e-09 9.995e-10
176214 1e-09 9.995e-10
178038 1e-09 9.995e-10
178268 1e-09 9.995e-10
178304 1e-09 9.995e-10
178420 1e-09 9.995e-10
178494 1e-09 9.995e-10
178992 1e-09 9.995e-10
179276 1e-09 9.995e-10
179794 1e-09 9.995e-10
180444 1e-09 9.995e-10
180718 1e-09 9.995e-10
181138 1e-09 9.995e-10
181158 2e-09 1.4128e-09
181290 1e-09 9.995e-10
181404 1e-09 9.995e-10
181752 1e-09 9.995e-10
182244 1e-09 9.995e-10
182270 1e-09 9.995e-10
182296 1e-09 9.995e-10
182826 1e-09 9.995e-10
183030 1e-09 9.995e-10
183398 1e-09 9.995e-10
183828 1e-09 9.995e-10
184176 1e-09 9.995e-10
185008 1e-09 9.995e-10
185092 1e-09 9.995e-10
185564 1e-09 9.995e-10
185978 1e-09 9.995e-10
186358 1e-09 9.995e-10
186540 1e-09 9.995e-10
186582 1e-09 9.995e-10
187072 1e-09 9.995e-10
187166 1e-09 9.995e-10
187296 1e-09 9.995e-10
187314 1e-09 9.995e-10
188132 1e-09 9.995e-10
188550 1e-09 9.995e-10
189052 1e-09 9.995e-10
189582 1e-09 9.995e-10
189650 1e-09 9.995e-10
189846 1e-09 9.995e-10
190050 1e-09 9.995e-10
192328 1e-09 9.995e-10
193042 1e-09 9.995e-10
193078 1e-09 9.995e-10
193470 1e-09 9.995e-10
193790 1e-09 9.995e-10
194116 1e-09 9.995e-10
194604 1e-09 9.995e-10
194848 1e-09 9.995e-10
195050 1e-09 9.995e-10
195066 1e-09 9.995e-10
195912 1e-09 9.995e-10
196326 1e-09 9.995e-10
196830 1e-09 9.995e-10
197242 1e-09 9.995e-10
197788 1e-09 9.995e-10
198942 1e-09 9.995e-10
199392 1e-09 9.995e-10
199700 1e-09 9.995e-10
200332 1e-09 9.995e-10
200358 1e-09 9.995e-10
201674 1e-09 9.995e-10
202334 1e-09 9.995e-10
202416 1e-09 9.995e-10
202424 1e-09 9.995e-10
202910 1e-09 9.995e-10
203014 1e-09 9.995e-10
203942 1e-09 9.995e-10
205544 1e-09 9.995e-10
206222 1e-09 9.995e-10
206290 1e-09 9.995e-10
207044 1e-09 9.995e-10
207308 1e-09 9.995e-10
208582 1e-09 9.995e-10
209056 1e-09 9.995e-10
210010 1e-09 9.995e-10
211208 1e-09 9.995e-10
211708 1e-09 9.995e-10
212074 1e-09 9.995e-10
212478 1e-09 9.995e-10
212552 1e-09 9.995e-10
212804 1e-09 9.995e-10
213620 1e-09 9.995e-10
214022 1e-09 9.995e-10
214102 1e-09 9.995e-10
214732 1e-09 9.995e-10
216632 1e-09 9.995e-10
216674 1e-09 9.995e-10
217136 1e-09 9.995e-10
218240 1e-09 9.995e-10
218398 1e-09 9.995e-10
218798 1e-09 9.995e-10
219166 1e-09 9.995e-10
219958 1e-09 9.995e-10
220674 1e-09 9.995e-10
221282 1e-09 9.995e-10
221584 1e-09 9.995e-10
221600 1e-09 9.995e-10
221640 1e-09 9.995e-10
223642 1e-09 9.995e-10
224256 1e-09 9.995e-10
224360 1e-09 9.995e-10
224724 1e-09 9.995e-10
225350 1e-09 9.995e-10
226348 1e-09 9.995e-10
226628 1e-09 9.995e-10
226812 1e-09 9.995e-10
228264 1e-09 9.995e-10
228462 1e-09 9.995e-10
228498 1e-09 9.995e-10
229446 1e-09 9.995e-10
230164 1e-09 9.995e-10
230230 1e-09 9.995e-10
231986 1e-09 9.995e-10
233062 1e-09 9.995e-10
233626 1e-09 9.995e-10
233786 1e-09 9.995e-10
235090 1e-09 9.995e-10
237660 1e-09 9.995e-10
239128 1e-09 9.995e-10
239426 1e-09 9.995e-10
239658 1e-09 9.995e-10
240312 1e-09 9.995e-10
240556 1e-09 9.995e-10
240864 1e-09 9.995e-10
241360 1e-09 9.995e-10
241412 1e-09 9.995e-10
241444 1e-09 9.995e-10
242106 1e-09 9.995e-10
243266 1e-09 9.995e-10
244222 1e-09 9.995e-10
244824 1e-09 9.995e-10
245058 1e-09 9.995e-10
245712 1e-09 9.995e-10
246050 1e-09 9.995e-10
246074 1e-09 9.995e-10
246414 1e-09 9.995e-10
246628 1e-09 9.995e-10
246630 1e-09 9.995e-10
246926 1e-09 9.995e-10
248024 1e-09 9.995e-10
248392 1e-09 9.995e-10
249284 1e-09 9.995e-10
249728 1e-09 9.995e-10
249994 1e-09 9.995e-10
250336 1e-09 9.995e-10
251246 1e-09 9.995e-10
251678 1e-09 9.995e-10
252032 1e-09 9.995e-10
252428 1e-09 9.995e-10
252558 1e-09 9.995e-10
253132 1e-09 9.995e-10
253244 1e-09 9.995e-10
253286 1e-09 9.995e-10
255646 1e-09 9.995e-10
255738 1e-09 9.995e-10
255806 1e-09 9.995e-10
256998 1e-09 9.995e-10
258550 1e-09 9.995e-10
259158 1e-09 9.995e-10
259744 1e-09 9.995e-10
259972 1e-09 9.995e-10
260140 1e-09 9.995e-10
261668 1e-09 9.995e-10
261754 1e-09 9.995e-10
261834 1e-09 9.995e-10
264492 1e-09 9.995e-10
265346 1e-09 9.995e-10
265490 1e-09 9.995e-10
265948 1e-09 9.995e-10
266108 1e-09 9.995e-10
266412 1e-09 9.995e-10
267252 1e-09 9.995e-10
267398 1e-09 9.995e-10
268094 1e-09 9.995e-10
268274 1e-09 9.995e-10
270428 1e-09 9.995e-10
271572 1e-09 9.995e-10
274246 1e-09 9.995e-10
274490 1e-09 9.995e-10
274636 1e-09 9.995e-10
274804 1e-09 9.995e-10
275652 1e-09 9.995e-10
275954 1e-09 9.995e-10
276136 1e-09 9.995e-10
276776 1e-09 9.995e-10
277538 1e-09 9.995e-10
280384 1e-09 9.995e-10
280640 1e-09 9.995e-10
281778 1e-09 9.995e-10
282962 1e-09 9.995e-10
283430 1e-09 9.995e-10
284348 1e-09 9.995e-10
284780 1e-09 9.995e-10
285174 1e-09 9.995e-10
285264 1e-09 9.995e-10
285302 1e-09 9.995e-10
286180 1e-09 9.995e-10
286348 1e-09 9.995e-10
287460 1e-09 9.995e-10
287648 1e-09 9.995e-10
288092 1e-09 9.995e-10
291090 1e-09 9.995e-10
291610 1e-09 9.995e-10
291744 1e-09 9.995e-10
291880 1e-09 9.995e-10
292258 1e-09 9.995e-10
292312 1e-09 9.995e-10
292544 1e-09 9.995e-10
292664 1e-09 9.995e-10
293238 1e-09 9.995e-10
294800 1e-09 9.995e-10
295446 1e-09 9.995e-10
295584 1e-09 9.995e-10
296656 1e-09 9.995e-10
298388 1e-09 9.995e-10
298446 1e-09 9.995e-10
299112 1e-09 9.995e-10
299548 1e-09 9.995e-10
300210 1e-09 9.995e-10
300450 1e-09 9.995e-10
303534 1e-09 9.995e-10
303814 1e-09 9.995e-10
306174 1e-09 9.995e-10
306214 1e-09 9.995e-10
309194 1e-09 9.995e-10
311660 1e-09 9.995e-10
312454 1e-09 9.995e-10
312948 1e-09 9.995e-10
313928 1e-09 9.995e-10
314376 1e-09 9.995e-10
314536 1e-09 9.995e-10
314984 1e-09 9.995e-10
316334 1e-09 9.995e-10
316708 1e-09 9.995e-10
317120 1e-09 9.995e-10
317352 1e-09 9.995e-10
317538 1e-09 9.995e-10
317840 1e-09 9.995e-10
318690 1e-09 9.995e-10
318766 1e-09 9.995e-10
320072 1e-09 9.995e-10
320476 1e-09 9.995e-10
320918 1e-09 9.995e-10
321490 1e-09 9.995e-10
322912 1e-09 9.995e-10
323344 1e-09 9.995e-10
323990 1e-09 9.995e-10
324688 1e-09 9.995e-10
326142 1e-09 9.995e-10
326522 1e-09 9.995e-10
326780 1e-09 9.995e-10
327698 1e-09 9.995e-10
328112 1e-09 9.995e-10
328780 1e-09 9.995e-10
328994 1e-09 9.995e-10
330222 1e-09 9.995e-10
330682 1e-09 9.995e-10
330864 1e-09 9.995e-10
333144 1e-09 9.995e-10
333594 1e-09 9.995e-10
333686 1e-09 9.995e-10
333900 1e-09 9.995e-10
334810 1e-09 9.995e-10
335310 1e-09 9.995e-10
335584 1e-09 9.995e-10
336258 1e-09 9.995e-10
336320 1e-09 9.995e-10
336368 1e-09 9.995e-10
337294 1e-09 9.995e-10
337854 1e-09 9.995e-10
338216 1e-09 9.995e-10
339200 1e-09 9.995e-10
341872 1e-09 9.995e-10
343330 1e-09 9.995e-10
343626 1e-09 9.995e-10
344598 1e-09 9.995e-10
345774 1e-09 9.995e-10
346224 1e-09 9.995e-10
346430 1e-09 9.995e-10
347508 1e-09 9.995e-10
349788 1e-09 9.995e-10
350042 1e-09 9.995e-10
350104 1e-09 9.995e-10
350378 1e-09 9.995e-10
350964 1e-09 9.995e-10
351206 1e-09 9.995e-10
351224 1e-09 9.995e-10
352178 1e-09 9.995e-10
352648 1e-09 9.995e-10
352682 1e-09 9.995e-10
353264 1e-09 9.995e-10
353334 1e-09 9.995e-10
353766 1e-09 9.995e-10
355676 1e-09 9.995e-10
356168 1e-09 9.995e-10
356340 1e-09 9.995e-10
358004 1e-09 9.995e-10
358220 1e-09 9.995e-10
360624 1e-09 9.995e-10
360862 1e-09 9.995e-10
360998 1e-09 9.995e-10
363902 1e-09 9.995e-10
365772 1e-09 9.995e-10
366194 1e-09 9.995e-10
366802 1e-09 9.995e-10
369736 1e-09 9.995e-10
370104 1e-09 9.995e-10
370252 1e-09 9.995e-10
371604 1e-09 9.995e-10
372496 1e-09 9.995e-10
372776 1e-09 9.995e-10
372862 1e-09 9.995e-10
373252 1e-09 9.995e-10
375374 1e-09 9.995e-10
377520 1e-09 9.995e-10
380646 1e-09 9.995e-10
383226 1e-09 9.995e-10
383422 1e-09 9.995e-10
385064 1e-09 9.995e-10
385236 1e-09 9.995e-10
385380 1e-09 9.995e-10
387498 1e-09 9.995e-10
391504 1e-09 9.995e-10
394544 1e-09 9.995e-10
395176 1e-09 9.995e-10
396616 1e-09 9.995e-10
397128 1e-09 9.995e-10
398332 1e-09 9.995e-10
398398 1e-09 9.995e-10
400222 1e-09 9.995e-10
402956 1e-09 9.995e-10
403786 1e-09 9.995e-10
404310 1e-09 9.995e-10
405312 1e-09 9.995e-10
405714 1e-09 9.995e-10
406536 1e-09 9.995e-10
406568 1e-09 9.995e-10
409170 1e-09 9.995e-10
411256 1e-09 9.995e-10
413524 1e-09 9.995e-10
413736 1e-09 9.995e-10
418070 1e-09 9.995e-10
418078 1e-09 9.995e-10
419708 1e-09 9.995e-10
421256 1e-09 9.995e-10
421506 1e-09 9.995e-10
424226 1e-09 9.995e-10
425444 1e-09 9.995e-10
425746 1e-09 9.995e-10
426072 1e-09 9.995e-10
426136 1e-09 9.995e-10
428132 1e-09 9.995e-10
429648 1e-09 9.995e-10
429798 1e-09 9.995e-10
430396 1e-09 9.995e-10
431400 1e-09 9.995e-10
431928 1e-09 9.995e-10
434524 1e-09 9.995e-10
435344 1e-09 9.995e-10
437746 1e-09 9.995e-10
438572 1e-09 9.995e-10
439692 1e-09 9.995e-10
440412 1e-09 9.995e-10
440452 1e-09 9.995e-10
442614 1e-09 9.995e-10
446300 1e-09 9.995e-10
446324 1e-09 9.995e-10
449806 1e-09 9.995e-10
450100 1e-09 9.995e-10
450170 1e-09 9.995e-10
452650 1e-09 9.995e-10
456450 1e-09 9.995e-10
457144 1e-09 9.995e-10
457166 1e-09 9.995e-10
462544 1e-09 9.995e-10
464438 1e-09 9.995e-10
465478 1e-09 9.995e-10
465944 1e-09 9.995e-10
467232 1e-09 9.995e-10
469052 1e-09 9.995e-10
469376 1e-09 9.995e-10
469548 1e-09 9.995e-10
469628 1e-09 9.995e-10
469740 1e-09 9.995e-10
469744 1e-09 9.995e-10
470210 1e-09 9.995e-10
474490 1e-09 9.995e-10
476544 1e-09 9.995e-10
477062 1e-09 9.995e-10
477950 1e-09 9.995e-10
477966 1e-09 9.995e-10
479814 1e-09 9.995e-10
480794 1e-09 9.995e-10
481642 1e-09 9.995e-10
482170 1e-09 9.995e-10
482830 1e-09 9.995e-10
482946 1e-09 9.995e-10
483416 1e-09 9.995e-10
484758 1e-09 9.995e-10
484972 1e-09 9.995e-10
485828 1e-09 9.995e-10
485938 1e-09 9.995e-10
487848 1e-09 9.995e-10
492372 1e-09 9.995e-10
492760 1e-09 9.995e-10
495152 1e-09 9.995e-10
495396 1e-09 9.995e-10
496924 1e-09 9.995e-10
497456 1e-09 9.995e-10
501074 1e-09 9.995e-10
502450 1e-09 9.995e-10
503524 1e-09 9.995e-10
504700 1e-09 9.995e-10
504878 1e-09 9.995e-10
505940 1e-09 9.995e-10
506742 1e-09 9.995e-10
507066 1e-09 9.995e-10
507804 1e-09 9.995e-10
509374 1e-09 9.995e-10
510694 1e-09 9.995e-10
510846 1e-09 9.995e-10
511794 1e-09 9.995e-10
511980 1e-09 9.995e-10
515456 1e-09 9.995e-10
515458 1e-09 9.995e-10
515986 1e-09 9.995e-10
516382 1e-09 9.995e-10
517366 1e-09 9.995e-10
519424 1e-09 9.995e-10
519958 1e-09 9.995e-10
519988 1e-09 9.995e-10
520640 1e-09 9.995e-10
520716 1e-09 9.995e-10
523470 1e-09 9.995e-10
525550 1e-09 9.995e-10
526196 1e-09 9.995e-10
526240 1e-09 9.995e-10
532666 1e-09 9.995e-10
535690 1e-09 9.995e-10
536218 1e-09 9.995e-10
539286 1e-09 9.995e-10
540934 1e-09 9.995e-10
542092 1e-09 9.995e-10
544536 1e-09 9.995e-10
546314 1e-09 9.995e-10
547232 1e-09 9.995e-10
549130 1e-09 9.995e-10
549392 1e-09 9.995e-10
550534 1e-09 9.995e-10
556912 1e-09 9.995e-10
558810 1e-09 9.995e-10
559424 1e-09 9.995e-10
561470 1e-09 9.995e-10
562468 1e-09 9.995e-10
563432 1e-09 9.995e-10
563838 1e-09 9.995e-10
569480 1e-09 9.995e-10
572744 1e-09 9.995e-10
572750 1e-09 9.995e-10
573358 1e-09 9.995e-10
574532 1e-09 9.995e-10
574596 1e-09 9.995e-10
577658 1e-09 9.995e-10
578468 1e-09 9.995e-10
579172 1e-09 9.995e-10
582626 1e-09 9.995e-10
583710 1e-09 9.995e-10
585642 1e-09 9.995e-10
585712 1e-09 9.995e-10
586636 1e-09 9.995e-10
586886 1e-09 9.995e-10
587640 1e-09 9.995e-10
587860 1e-09 9.995e-10
588150 1e-09 9.995e-10
588196 1e-09 9.995e-10
589010 1e-09 9.995e-10
594910 1e-09 9.995e-10
596120 1e-09 9.995e-10
596284 1e-09 9.995e-10
597806 1e-09 9.995e-10
601824 1e-09 9.995e-10
601876 1e-09 9.995e-10
604872 1e-09 9.995e-10
605194 1e-09 9.995e-10
605892 1e-09 9.995e-10
606494 1e-09 9.995e-10
606670 1e-09 9.995e-10
609110 1e-09 9.995e-10
610398 1e-09 9.995e-10
613164 1e-09 9.995e-10
619402 1e-09 9.995e-10
622460 1e-09 9.995e-10
624008 1e-09 9.995e-10
624254 1e-09 9.995e-10
625860 1e-09 9.995e-10
626012 1e-09 9.995e-10
626266 1e-09 9.995e-10
626882 1e-09 9.995e-10
627440 1e-09 9.995e-10
629852 1e-09 9.995e-10
634776 1e-09 9.995e-10
645310 1e-09 9.995e-10
646508 1e-09 9.995e-10
648516 1e-09 9.995e-10
650604 1e-09 9.995e-10
650950 1e-09 9.995e-10
653426 1e-09 9.995e-10
654792 1e-09 9.995e-10
655318 1e-09 9.995e-10
656740 1e-09 9.995e-10
657536 1e-09 9.995e-10
664288 1e-09 9.995e-10
665082 1e-09 9.995e-10
668618 1e-09 9.995e-10
671664 1e-09 9.995e-10
676362 1e-09 9.995e-10
676440 1e-09 9.995e-10
677144 1e-09 9.995e-10
678808 1e-09 9.995e-10
681288 1e-09 9.995e-10
686610 1e-09 9.995e-10
690484 1e-09 9.995e-10
696740 1e-09 9.995e-10
697062 1e-09 9.995e-10
698772 1e-09 9.995e-10
708482 1e-09 9.995e-10
708858 1e-09 9.995e-10
711306 1e-09 9.995e-10
712938 1e-09 9.995e-10
714692 1e-09 9.995e-10
733910 1e-09 9.995e-10
733920 1e-09 9.995e-10
734736 1e-09 9.995e-10
737466 1e-09 9.995e-10
747900 1e-09 9.995e-10
755388 1e-09 9.995e-10
768252 1e-09 9.995e-10
769736 1e-09 9.995e-10
777866 1e-09 9.995e-10
796320 1e-09 9.995e-10
800778 1e-09 9.995e-10
801496 1e-09 9.995e-10
805508 1e-09 9.995e-10
814972 1e-09 9.995e-10
819366 1e-09 9.995e-10
819904 1e-09 9.995e-10
824624 1e-09 9.995e-10
825944 1e-09 9.995e-10
830426 1e-09 9.995e-10
844022 1e-09 9.995e-10
850752 1e-09 9.995e-10
856920 1e-09 9.995e-10
859544 1e-09 9.995e-10
864474 1e-09 9.995e-10
864908 1e-09 9.995e-10
885860 1e-09 9.995e-10
