4 0.00570063 2.33753e-06
6 0.00202295 1.4531e-06
8 0.000977889 9.73829e-07
10 0.000541647 7.35753e-07
12 0.000336604 5.91254e-07
14 0.000223361 4.63837e-07
16 0.000158094 3.85237e-07
18 0.000116024 3.38812e-07
20 8.9007e-05 2.98695e-07
22 6.9721e-05 2.61077e-07
24 5.5766e-05 2.3643e-07
26 4.5148e-05 2.14844e-07
28 3.7623e-05 1.98633e-07
30 3.1692e-05 1.75918e-07
32 2.7134e-05 1.60804e-07
34 2.3311e-05 1.55397e-07
36 1.9851e-05 1.39186e-07
38 1.7321e-05 1.28755e-07
40 1.5326e-05 1.22865e-07
42 1.3349e-05 1.16255e-07
44 1.1879e-05 1.08767e-07
46 1.0629e-05 1.0541e-07
48 9.654e-06 1.00659e-07
50 8.542e-06 9.23593e-08
52 8.011e-06 9.15144e-08
54 7.061e-06 8.6112e-08
56 6.443e-06 7.8414e-08
58 5.921e-06 7.86051e-08
60 5.509e-06 7.596e-08
62 4.978e-06 6.83777e-08
64 4.732e-06 6.92689e-08
66 4.283e-06 6.34895e-08
68 3.98e-06 6.43397e-08
70 3.676e-06 6.10002e-08
72 3.384e-06 5.85708e-08
74 3.098e-06 5.35947e-08
76 3.086e-06 5.27883e-08
78 2.81e-06 5.26488e-08
80 2.727e-06 5.29006e-08
82 2.528e-06 5.0132e-08
84 2.428e-06 4.68702e-08
86 2.269e-06 4.73565e-08
88 2.007e-06 4.60538e-08
90 1.946e-06 4.3001e-08
92 1.888e-06 4.46705e-08
94 1.722e-06 4.23877e-08
96 1.705e-06 4.13035e-08
98 1.601e-06 4.02467e-08
100 1.53e-06 3.83288e-08
102 1.455e-06 3.85743e-08
104 1.427e-06 3.85314e-08
106 1.353e-06 3.71267e-08
108 1.239e-06 3.53819e-08
110 1.19e-06 3.53822e-08
112 1.127e-06 3.45669e-08
114 9.99e-07 3.13847e-08
116 1.033e-06 3.29835e-08
118 1.041e-06 3.25779e-08
120 9.35e-07 3.07046e-08
122 9.1e-07 3.01314e-08
124 8.86e-07 3.11288e-08
126 8.99e-07 2.93053e-08
128 8.11e-07 2.8658e-08
130 7.37e-07 2.68669e-08
132 7.72e-07 2.75684e-08
134 7.12e-07 2.67031e-08
136 7.04e-07 2.72834e-08
138 6.4e-07 2.51873e-08
140 6.08e-07 2.46645e-08
142 6.54e-07 2.54614e-08
144 6.25e-07 2.54632e-08
146 5.62e-07 2.3836e-08
148 5.63e-07 2.37072e-08
150 5.57e-07 2.40988e-08
152 5.26e-07 2.34803e-08
154 4.91e-07 2.27139e-08
156 5.08e-07 2.2626e-08
158 4.84e-07 2.26218e-08
160 4.53e-07 2.21764e-08
162 4.54e-07 2.22235e-08
164 4.26e-07 2.07008e-08
166 4.27e-07 2.02156e-08
168 4.05e-07 1.98236e-08
170 3.91e-07 1.91864e-08
172 3.77e-07 1.97705e-08
174 3.62e-07 1.94154e-08
176 3.84e-07 2.06045e-08
178 3.51e-07 1.88095e-08
180 3.64e-07 1.85877e-08
182 3.24e-07 1.735e-08
184 3.28e-07 1.84504e-08
186 3.27e-07 1.89755e-08
188 3.1e-07 1.75471e-08
190 3.2e-07 1.7309e-08
192 2.7e-07 1.65257e-08
194 3.1e-07 1.79972e-08
196 3.11e-07 1.76714e-08
198 2.64e-07 1.66224e-08
200 3.03e-07 1.75269e-08
202 2.58e-07 1.62307e-08
204 2.66e-07 1.57875e-08
206 2.76e-07 1.69654e-08
208 2.73e-07 1.6446e-08
210 2.25e-07 1.45043e-08
212 2.1e-07 1.4829e-08
214 2.17e-07 1.47618e-08
216 2.32e-07 1.50391e-08
218 2.27e-07 1.48146e-08
220 1.99e-07 1.39785e-08
222 2e-07 1.40712e-08
224 2.08e-07 1.37381e-08
226 2.04e-07 1.40849e-08
228 1.94e-07 1.43654e-08
230 1.96e-07 1.36961e-08
232 1.95e-07 1.42469e-08
234 1.59e-07 1.24787e-08
236 1.67e-07 1.3233e-08
238 1.81e-07 1.36469e-08
240 1.72e-07 1.31307e-08
242 1.72e-07 1.27443e-08
244 1.73e-07 1.30794e-08
246 1.47e-07 1.21405e-08
248 1.52e-07 1.20373e-08
250 1.37e-07 1.19261e-08
252 1.36e-07 1.16406e-08
254 1.45e-07 1.21645e-08
256 1.62e-07 1.26395e-08
258 1.32e-07 1.16007e-08
260 1.43e-07 1.20229e-08
262 1.34e-07 1.1491e-08
264 1.48e-07 1.2087e-08
266 1.32e-07 1.16007e-08
268 1.34e-07 1.15777e-08
270 1.08e-07 1.05989e-08
272 1.12e-07 1.06516e-08
274 1.16e-07 1.06087e-08
276 1.2e-07 1.09362e-08
278 1.14e-07 1.03443e-08
280 1.1e-07 1.04833e-08
282 1.26e-07 1.14945e-08
284 1.04e-07 1.02559e-08
286 1.08e-07 1.01161e-08
288 8.3e-08 9.2796e-09
290 9.9e-08 9.85896e-09
292 1.01e-07 9.83865e-09
294 9.5e-08 1.00983e-08
296 1e-07 1.00995e-08
298 1.01e-07 1.00399e-08
300 9.5e-08 9.3795e-09
302 8.8e-08 9.06951e-09
304 9.2e-08 9.6714e-09
306 8.9e-08 9.33161e-09
308 9.6e-08 9.63245e-09
310 9.8e-08 9.71576e-09
312 7.9e-08 8.64633e-09
314 7.1e-08 8.36415e-09
316 7.8e-08 8.71298e-09
318 9.2e-08 9.87603e-09
320 8.3e-08 9.06151e-09
322 5.8e-08 7.52569e-09
324 9.1e-08 9.3123e-09
326 7.6e-08 8.61534e-09
328 7.8e-08 8.827e-09
330 6.6e-08 8.2246e-09
332 9e-08 9.26823e-09
334 7.7e-08 8.77901e-09
336 7.4e-08 8.5161e-09
338 7.6e-08 8.84443e-09
340 5.9e-08 7.8434e-09
342 6.2e-08 8.25566e-09
344 5.8e-08 7.78691e-09
346 7e-08 8.54985e-09
348 5.7e-08 7.46666e-09
350 5.8e-08 7.52569e-09
352 6.5e-08 8.04829e-09
354 4.7e-08 6.69261e-09
356 5.1e-08 7.37557e-09
358 6.2e-08 7.75603e-09
360 5.6e-08 7.40702e-09
362 6.3e-08 7.93921e-09
364 4.7e-08 6.69261e-09
366 6.2e-08 7.75603e-09
368 5.3e-08 7.49607e-09
370 4e-08 6.3561e-09
372 5.7e-08 7.46666e-09
374 4.6e-08 6.91983e-09
376 7.4e-08 8.7478e-09
378 4e-08 6.19677e-09
380 6e-08 7.64199e-09
382 5.5e-08 7.48164e-09
384 5.5e-08 7.74435e-09
386 4.8e-08 6.75988e-09
388 6.7e-08 8.39708e-09
390 4.5e-08 6.55553e-09
392 6e-08 7.89937e-09
394 3.7e-08 5.96917e-09
396 5.4e-08 7.68661e-09
398 3.9e-08 6.44042e-09
400 4.8e-08 6.90623e-09
402 4.1e-08 6.27049e-09
404 5.3e-08 7.08456e-09
406 5.2e-08 7.16212e-09
408 4.3e-08 6.56894e-09
410 4.7e-08 6.98506e-09
412 4.1e-08 6.42799e-09
414 2.7e-08 5.12552e-09
416 4e-08 6.19677e-09
418 4.8e-08 7.18999e-09
420 3.2e-08 5.56561e-09
422 2.7e-08 5.31705e-09
424 4.1e-08 6.27049e-09
426 3.5e-08 5.81163e-09
428 3.7e-08 6.13441e-09
430 3.5e-08 5.98122e-09
432 4.3e-08 6.4149e-09
434 4.6e-08 6.6245e-09
436 2.9e-08 5.49172e-09
438 3.8e-08 6.20935e-09
440 3.7e-08 6.13441e-09
442 3.9e-08 6.12201e-09
444 4.1e-08 6.27049e-09
446 2.8e-08 5.2169e-09
448 2.8e-08 5.40518e-09
450 3.5e-08 5.81163e-09
452 2.9e-08 5.30651e-09
454 3.6e-08 6.05838e-09
456 3.7e-08 6.13441e-09
458 5e-08 6.89202e-09
460 3.9e-08 6.28323e-09
462 3.5e-08 6.14614e-09
464 2.9e-08 5.30651e-09
466 2.8e-08 5.2169e-09
468 2.2e-08 4.63853e-09
470 2.7e-08 5.12552e-09
472 3e-08 5.39444e-09
474 3.3e-08 5.64898e-09
476 2.6e-08 5.0323e-09
478 2.8e-08 5.2169e-09
480 2.7e-08 5.12552e-09
482 3e-08 5.39444e-09
484 2.9e-08 5.30651e-09
486 2.5e-08 5.32682e-09
488 3e-08 5.75326e-09
490 3.2e-08 5.91405e-09
492 3.1e-08 5.48078e-09
494 2.1e-08 4.74963e-09
496 2.4e-08 4.83983e-09
498 2.9e-08 5.30651e-09
500 3.1e-08 5.48078e-09
502 2.4e-08 4.83983e-09
504 2.5e-08 5.13566e-09
506 2.5e-08 4.9371e-09
508 3.5e-08 5.81163e-09
510 1.8e-08 4.43576e-09
512 3e-08 5.92453e-09
514 2.4e-08 4.83983e-09
516 2.5e-08 5.13566e-09
518 3.2e-08 5.56561e-09
520 2.8e-08 5.40518e-09
522 2e-08 4.42719e-09
524 2.2e-08 4.63853e-09
526 2.1e-08 4.5342e-09
528 2e-08 4.64758e-09
530 1.9e-08 4.31729e-09
532 1.9e-08 4.31729e-09
534 1.6e-08 3.96787e-09
536 2e-08 4.42719e-09
538 1.8e-08 4.20428e-09
540 2.6e-08 5.0323e-09
542 2.2e-08 4.63853e-09
544 2e-08 4.42719e-09
546 2.2e-08 4.63853e-09
548 2.8e-08 5.2169e-09
550 2.2e-08 4.63853e-09
552 1.6e-08 3.96787e-09
554 2.6e-08 5.22724e-09
556 2.1e-08 4.74963e-09
558 1.8e-08 4.20428e-09
560 2e-08 4.42719e-09
562 2.1e-08 4.5342e-09
564 2.1e-08 4.5342e-09
566 1.6e-08 3.96787e-09
568 2.8e-08 5.40518e-09
570 1.6e-08 3.96787e-09
572 2.6e-08 5.0323e-09
574 2.3e-08 4.94682e-09
576 1.8e-08 4.20428e-09
578 2e-08 4.42719e-09
580 2.5e-08 4.9371e-09
582 1.5e-08 3.84383e-09
584 1.5e-08 3.84383e-09
586 1.9e-08 4.31729e-09
588 1.6e-08 3.96787e-09
590 1.9e-08 4.31729e-09
592 2.4e-08 4.83983e-09
594 1.7e-08 4.55093e-09
596 1.1e-08 3.29833e-09
598 2e-08 4.42719e-09
600 1.7e-08 4.08791e-09
602 1.8e-08 4.20428e-09
604 1.6e-08 3.96787e-09
606 2.2e-08 4.84933e-09
608 1.7e-08 4.08791e-09
610 1.2e-08 3.44325e-09
612 1.4e-08 3.71537e-09
614 2.1e-08 4.5342e-09
616 1.9e-08 4.31729e-09
618 1.1e-08 3.29833e-09
620 1.1e-08 3.29833e-09
622 2.1e-08 4.5342e-09
624 1.7e-08 4.08791e-09
626 1.9e-08 4.31729e-09
628 1.5e-08 3.84383e-09
630 1.8e-08 4.20428e-09
632 1.2e-08 3.44325e-09
634 9e-09 2.98647e-09
636 1.5e-08 3.84383e-09
638 2.1e-08 4.5342e-09
640 1.4e-08 3.71537e-09
642 1.6e-08 3.96787e-09
644 1.5e-08 3.84383e-09
646 1.8e-08 4.20428e-09
648 1.4e-08 3.71537e-09
650 2.5e-08 4.9371e-09
652 1.5e-08 3.84383e-09
654 1.1e-08 3.29833e-09
656 1.3e-08 3.58204e-09
658 1.7e-08 4.08791e-09
660 1.1e-08 3.29833e-09
662 1.5e-08 4.09573e-09
664 1e-08 3.14643e-09
666 1.1e-08 3.29833e-09
668 1e-08 3.14643e-09
670 1.5e-08 3.84383e-09
672 1.2e-08 3.44325e-09
674 1.5e-08 3.84383e-09
676 7e-09 2.63647e-09
678 1.9e-08 4.31729e-09
680 1.6e-08 3.96787e-09
682 1.7e-08 4.08791e-09
684 1.2e-08 3.44325e-09
686 1.5e-08 3.84383e-09
688 1.4e-08 3.71537e-09
690 9e-09 2.98647e-09
692 1.6e-08 3.96787e-09
694 1.1e-08 3.29833e-09
696 7e-09 2.63647e-09
698 1.2e-08 3.72236e-09
700 8e-09 3.15214e-09
702 1.4e-08 3.71537e-09
704 1.3e-08 3.58204e-09
706 7e-09 2.63647e-09
708 9e-09 2.98647e-09
710 1.2e-08 3.44325e-09
712 7e-09 2.63647e-09
714 9e-09 2.98647e-09
716 1e-08 3.14643e-09
718 9e-09 2.98647e-09
720 9e-09 2.98647e-09
722 8e-09 2.81709e-09
724 1.8e-08 4.20428e-09
726 1.1e-08 3.29833e-09
728 1.3e-08 3.58204e-09
730 8e-09 2.81709e-09
732 1e-08 3.14643e-09
734 4e-09 1.996e-09
736 1.6e-08 3.96787e-09
738 4e-09 1.996e-09
740 8e-09 2.81709e-09
742 1e-08 3.14643e-09
744 1.2e-08 3.44325e-09
746 1.1e-08 3.29833e-09
748 4e-09 1.996e-09
750 1.2e-08 3.44325e-09
752 1.3e-08 3.58204e-09
754 1e-08 3.14643e-09
756 1e-08 3.14643e-09
758 7e-09 2.99182e-09
760 9e-09 2.98647e-09
762 5e-09 2.23047e-09
764 9e-09 2.98647e-09
766 5e-09 2.23047e-09
768 1.4e-08 3.71537e-09
770 1.1e-08 3.29833e-09
772 7e-09 2.63647e-09
774 1.5e-08 3.84383e-09
776 1.1e-08 3.29833e-09
778 1.2e-08 3.44325e-09
780 9e-09 2.98647e-09
782 4e-09 1.996e-09
784 6e-09 2.44213e-09
786 1e-08 3.14643e-09
788 5e-09 2.23047e-09
790 6e-09 2.44213e-09
792 6e-09 2.44213e-09
794 1e-08 3.14643e-09
796 8e-09 2.81709e-09
798 1e-08 3.14643e-09
800 7e-09 2.63647e-09
802 7e-09 2.63647e-09
804 7e-09 2.63647e-09
806 8e-09 2.81709e-09
808 9e-09 2.98647e-09
810 8e-09 2.81709e-09
812 8e-09 2.81709e-09
814 1e-08 3.14643e-09
816 6e-09 2.44213e-09
818 6e-09 2.44213e-09
820 8e-09 3.15214e-09
822 1.1e-08 3.29833e-09
824 7e-09 2.63647e-09
826 7e-09 2.63647e-09
828 1.1e-08 3.58873e-09
830 8e-09 2.81709e-09
832 7e-09 2.63647e-09
834 5e-09 2.23047e-09
836 8e-09 2.81709e-09
838 6e-09 2.44213e-09
840 5e-09 2.23047e-09
842 4e-09 1.996e-09
844 6e-09 2.44213e-09
846 5e-09 2.23047e-09
848 8e-09 2.81709e-09
850 7e-09 2.63647e-09
852 9e-09 2.98647e-09
854 1.2e-08 3.44325e-09
856 6e-09 2.44213e-09
858 8e-09 2.81709e-09
860 4e-09 1.996e-09
862 6e-09 2.44213e-09
864 4e-09 1.996e-09
866 5e-09 2.23047e-09
868 5e-09 2.23047e-09
870 9e-09 2.98647e-09
872 8e-09 3.15214e-09
874 1.1e-08 3.29833e-09
876 7e-09 2.63647e-09
878 4e-09 1.996e-09
880 7e-09 2.63647e-09
882 8e-09 2.81709e-09
884 8e-09 2.81709e-09
886 9e-09 2.98647e-09
888 6e-09 2.44213e-09
890 4e-09 1.996e-09
892 2e-09 1.4128e-09
894 3e-09 1.72945e-09
896 6e-09 2.44213e-09
898 4e-09 1.996e-09
900 5e-09 2.23047e-09
902 9e-09 2.98647e-09
904 9e-09 2.98647e-09
906 4e-09 1.996e-09
908 5e-09 2.23047e-09
910 6e-09 2.44213e-09
912 6e-09 2.44213e-09
914 6e-09 2.44213e-09
916 6e-09 2.44213e-09
918 6e-09 2.44213e-09
920 5e-09 2.23047e-09
922 7e-09 2.63647e-09
924 4e-09 1.996e-09
926 8e-09 2.81709e-09
928 9e-09 2.98647e-09
930 7e-09 2.63647e-09
932 3e-09 1.72945e-09
934 1e-09 9.995e-10
936 6e-09 2.44213e-09
938 6e-09 2.44213e-09
940 6e-09 2.44213e-09
942 9e-09 2.98647e-09
944 4e-09 1.996e-09
946 7e-09 2.63647e-09
948 9e-09 2.98647e-09
950 9e-09 2.98647e-09
952 3e-09 1.72945e-09
954 7e-09 2.63647e-09
956 8e-09 2.81709e-09
958 4e-09 1.996e-09
960 7e-09 2.63647e-09
962 4e-09 1.996e-09
964 7e-09 2.63647e-09
966 7e-09 2.63647e-09
968 5e-09 2.23047e-09
970 2e-09 1.4128e-09
972 1e-09 9.995e-10
974 4e-09 1.996e-09
976 2e-09 1.4128e-09
978 1.1e-08 3.29833e-09
980 3e-09 1.72945e-09
982 4e-09 1.996e-09
984 7e-09 2.63647e-09
986 2e-09 1.4128e-09
988 5e-09 2.23047e-09
990 9e-09 2.98647e-09
992 7e-09 2.63647e-09
994 5e-09 2.23047e-09
996 3e-09 1.72945e-09
998 6e-09 2.44213e-09
1000 4e-09 1.996e-09
1002 4e-09 1.996e-09
1004 3e-09 1.72945e-09
1006 5e-09 2.23047e-09
1008 6e-09 2.44213e-09
1010 5e-09 2.23047e-09
1012 2e-09 1.4128e-09
1014 8e-09 2.81709e-09
1016 7e-09 2.63647e-09
1018 4e-09 1.996e-09
1020 1e-09 9.995e-10
1022 1e-09 9.995e-10
1024 8e-09 2.81709e-09
1026 5e-09 2.23047e-09
1028 4e-09 1.996e-09
1030 8e-09 2.81709e-09
1032 1e-09 9.995e-10
1034 5e-09 2.23047e-09
1036 3e-09 1.72945e-09
1038 9e-09 2.98647e-09
1040 4e-09 1.996e-09
1042 5e-09 2.23047e-09
1044 4e-09 1.996e-09
1046 4e-09 1.996e-09
1048 6e-09 2.44213e-09
1050 5e-09 2.23047e-09
1052 4e-09 1.996e-09
1054 7e-09 2.63647e-09
1056 1e-09 9.995e-10
1058 3e-09 1.72945e-09
1060 2e-09 1.4128e-09
1062 5e-09 2.23047e-09
1066 1e-09 9.995e-10
1068 3e-09 1.72945e-09
1070 4e-09 1.996e-09
1072 1e-08 3.14643e-09
1074 2e-09 1.4128e-09
1076 7e-09 2.63647e-09
1078 2e-09 1.4128e-09
1080 9e-09 2.98647e-09
1082 4e-09 1.996e-09
1084 5e-09 2.23047e-09
1086 7e-09 2.63647e-09
1088 5e-09 2.23047e-09
1090 4e-09 1.996e-09
1092 3e-09 1.72945e-09
1094 2e-09 1.4128e-09
1096 3e-09 1.72945e-09
1098 1e-09 9.995e-10
1100 7e-09 2.63647e-09
1102 7e-09 2.63647e-09
1104 3e-09 1.72945e-09
1106 5e-09 2.23047e-09
1108 2e-09 1.4128e-09
1110 3e-09 1.72945e-09
1112 4e-09 1.996e-09
1114 3e-09 1.72945e-09
1116 5e-09 2.23047e-09
1118 5e-09 2.23047e-09
1120 3e-09 1.72945e-09
1122 4e-09 1.996e-09
1124 7e-09 2.63647e-09
1128 2e-09 1.4128e-09
1130 2e-09 1.4128e-09
1132 2e-09 1.4128e-09
1134 3e-09 1.72945e-09
1136 1e-09 9.995e-10
1138 1e-09 9.995e-10
1140 3e-09 1.72945e-09
1142 1e-09 9.995e-10
1144 6e-09 2.44213e-09
1146 4e-09 1.996e-09
1148 7e-09 2.63647e-09
1150 4e-09 1.996e-09
1152 7e-09 2.63647e-09
1154 1e-09 9.995e-10
1156 4e-09 1.996e-09
1158 1e-09 9.995e-10
1160 3e-09 1.72945e-09
1162 2e-09 1.4128e-09
1164 4e-09 1.996e-09
1166 1e-09 9.995e-10
1168 3e-09 1.72945e-09
1170 3e-09 1.72945e-09
1172 2e-09 1.4128e-09
1174 3e-09 1.72945e-09
1176 5e-09 2.23047e-09
1178 1e-09 9.995e-10
1180 3e-09 1.72945e-09
1182 3e-09 1.72945e-09
1186 1e-09 9.995e-10
1188 3e-09 1.72945e-09
1190 5e-09 2.23047e-09
1194 2e-09 1.4128e-09
1196 5e-09 2.23047e-09
1198 3e-09 1.72945e-09
1200 3e-09 1.72945e-09
1202 4e-09 1.996e-09
1204 4e-09 1.996e-09
1206 1e-09 9.995e-10
1208 4e-09 1.996e-09
1210 4e-09 1.996e-09
1212 3e-09 1.72945e-09
1214 3e-09 1.72945e-09
1216 1e-09 9.995e-10
1218 2e-09 1.4128e-09
1220 5e-09 2.23047e-09
1222 5e-09 2.23047e-09
1224 2e-09 1.4128e-09
1226 2e-09 1.4128e-09
1228 2e-09 1.4128e-09
1230 2e-09 1.4128e-09
1232 3e-09 1.72945e-09
1234 3e-09 1.72945e-09
1236 5e-09 2.23047e-09
1238 2e-09 1.4128e-09
1240 2e-09 1.4128e-09
1242 3e-09 1.72945e-09
1244 1e-09 9.995e-10
1246 2e-09 1.4128e-09
1248 6e-09 2.44213e-09
1250 3e-09 1.72945e-09
1252 7e-09 2.63647e-09
1254 2e-09 1.4128e-09
1256 2e-09 1.4128e-09
1258 2e-09 1.4128e-09
1260 3e-09 1.72945e-09
1264 3e-09 1.72945e-09
1266 2e-09 1.4128e-09
1268 4e-09 1.996e-09
1270 4e-09 1.996e-09
1272 4e-09 1.996e-09
1274 3e-09 1.72945e-09
1276 1e-09 9.995e-10
1278 1e-09 9.995e-10
1280 2e-09 1.4128e-09
1284 3e-09 1.72945e-09
1288 1e-09 9.995e-10
1290 1e-09 9.995e-10
1292 2e-09 1.4128e-09
1296 2e-09 1.4128e-09
1298 3e-09 1.72945e-09
1300 1e-09 9.995e-10
1302 1e-09 9.995e-10
1304 4e-09 1.996e-09
1306 3e-09 1.72945e-09
1308 1e-09 9.995e-10
1310 3e-09 1.72945e-09
1312 4e-09 1.996e-09
1314 1e-09 9.995e-10
1318 2e-09 1.4128e-09
1320 3e-09 1.72945e-09
1322 6e-09 2.44213e-09
1324 1e-09 9.995e-10
1326 5e-09 2.23047e-09
1328 3e-09 1.72945e-09
1330 2e-09 1.4128e-09
1332 2e-09 1.4128e-09
1334 3e-09 1.72945e-09
1338 3e-09 1.72945e-09
1340 5e-09 2.23047e-09
1342 1e-09 9.995e-10
1344 1e-09 9.995e-10
1346 2e-09 1.4128e-09
1350 1e-09 9.995e-10
1352 3e-09 1.72945e-09
1354 3e-09 1.72945e-09
1356 2e-09 1.4128e-09
1358 4e-09 1.996e-09
1360 1e-09 9.995e-10
1362 2e-09 1.4128e-09
1364 1e-09 9.995e-10
1366 1e-09 9.995e-10
1368 1e-09 9.995e-10
1370 5e-09 2.23047e-09
1372 3e-09 1.72945e-09
1374 3e-09 1.72945e-09
1376 3e-09 1.72945e-09
1378 1e-09 9.995e-10
1382 1e-09 9.995e-10
1384 1e-09 9.995e-10
1388 1e-09 9.995e-10
1390 1e-09 9.995e-10
1394 1e-09 9.995e-10
1396 4e-09 1.996e-09
1398 3e-09 1.72945e-09
1400 3e-09 1.72945e-09
1404 2e-09 1.4128e-09
1406 1e-09 9.995e-10
1408 2e-09 1.4128e-09
1410 3e-09 1.72945e-09
1412 2e-09 1.4128e-09
1414 1e-09 9.995e-10
1416 5e-09 2.23047e-09
1418 1e-09 9.995e-10
1420 3e-09 1.72945e-09
1422 2e-09 1.4128e-09
1424 1e-09 9.995e-10
1428 2e-09 1.4128e-09
1430 1e-09 9.995e-10
1432 3e-09 1.72945e-09
1434 1e-09 9.995e-10
1436 1e-09 9.995e-10
1440 1e-09 9.995e-10
1442 2e-09 1.4128e-09
1444 2e-09 1.4128e-09
1446 4e-09 1.996e-09
1448 1e-09 9.995e-10
1450 2e-09 1.4128e-09
1452 3e-09 1.72945e-09
1454 2e-09 1.4128e-09
1456 2e-09 1.4128e-09
1458 2e-09 1.4128e-09
1460 3e-09 1.72945e-09
1464 1e-09 9.995e-10
1466 1e-09 9.995e-10
1468 3e-09 1.72945e-09
1470 1e-09 9.995e-10
1472 6e-09 2.44213e-09
1476 3e-09 1.72945e-09
1478 2e-09 1.4128e-09
1480 1e-09 9.995e-10
1482 2e-09 1.4128e-09
1484 4e-09 1.996e-09
1486 3e-09 1.72945e-09
1488 1e-09 9.995e-10
1492 3e-09 1.72945e-09
1494 3e-09 1.72945e-09
1496 4e-09 1.996e-09
1498 4e-09 1.996e-09
1500 2e-09 1.4128e-09
1502 3e-09 1.72945e-09
1506 2e-09 1.4128e-09
1508 3e-09 1.72945e-09
1510 3e-09 1.72945e-09
1512 1e-09 9.995e-10
1514 2e-09 1.4128e-09
1516 1e-09 9.995e-10
1518 2e-09 1.4128e-09
1520 2e-09 1.4128e-09
1522 1e-09 9.995e-10
1524 1e-09 9.995e-10
1526 2e-09 1.4128e-09
1528 1e-09 9.995e-10
1530 2e-09 1.4128e-09
1532 1e-09 9.995e-10
1534 1e-09 9.995e-10
1536 1e-09 9.995e-10
1540 1e-09 9.995e-10
1542 5e-09 2.23047e-09
1544 3e-09 1.72945e-09
1548 2e-09 1.4128e-09
1552 1e-09 9.995e-10
1554 2e-09 1.4128e-09
1556 3e-09 1.72945e-09
1560 2e-09 1.4128e-09
1562 1e-09 9.995e-10
1564 3e-09 1.72945e-09
1566 1e-09 9.995e-10
1568 3e-09 1.72945e-09
1570 1e-09 9.995e-10
1572 2e-09 1.4128e-09
1574 1e-09 9.995e-10
1578 2e-09 1.4128e-09
1584 1e-09 9.995e-10
1586 4e-09 1.996e-09
1590 2e-09 1.4128e-09
1592 3e-09 1.72945e-09
1594 5e-09 2.23047e-09
1596 3e-09 1.72945e-09
1598 1e-09 9.995e-10
1600 2e-09 1.4128e-09
1602 1e-09 9.995e-10
1606 3e-09 1.72945e-09
1608 2e-09 1.4128e-09
1610 4e-09 1.996e-09
1612 3e-09 1.72945e-09
1616 2e-09 1.4128e-09
1618 1e-09 9.995e-10
1622 3e-09 1.72945e-09
1624 3e-09 1.72945e-09
1626 1e-09 9.995e-10
1628 4e-09 1.996e-09
1630 5e-09 2.23047e-09
1632 1e-09 9.995e-10
1634 2e-09 1.4128e-09
1638 1e-09 9.995e-10
1640 2e-09 1.4128e-09
1646 1e-09 9.995e-10
1648 1e-09 9.995e-10
1650 2e-09 1.4128e-09
1654 2e-09 1.4128e-09
1656 1e-09 9.995e-10
1658 2e-09 1.4128e-09
1660 1e-09 9.995e-10
1662 2e-09 1.4128e-09
1664 3e-09 1.72945e-09
1666 2e-09 1.4128e-09
1668 1e-09 9.995e-10
1670 1e-09 9.995e-10
1672 1e-09 9.995e-10
1674 2e-09 1.4128e-09
1676 2e-09 1.4128e-09
1678 1e-09 9.995e-10
1684 2e-09 1.4128e-09
1694 2e-09 1.4128e-09
1696 1e-09 9.995e-10
1698 1e-09 9.995e-10
1700 3e-09 1.72945e-09
1702 7e-09 2.63647e-09
1706 2e-09 1.4128e-09
1708 3e-09 1.72945e-09
1712 1e-09 9.995e-10
1714 3e-09 1.72945e-09
1716 1e-09 9.995e-10
1718 3e-09 1.72945e-09
1720 3e-09 1.72945e-09
1722 2e-09 1.4128e-09
1724 1e-09 9.995e-10
1730 2e-09 1.4128e-09
1732 3e-09 1.72945e-09
1734 3e-09 1.72945e-09
1738 1e-09 9.995e-10
1740 1e-09 9.995e-10
1744 2e-09 1.4128e-09
1746 1e-09 9.995e-10
1750 1e-09 9.995e-10
1752 4e-09 1.996e-09
1754 1e-09 9.995e-10
1760 1e-09 9.995e-10
1764 1e-09 9.995e-10
1766 3e-09 1.72945e-09
1768 1e-09 9.995e-10
1772 1e-09 9.995e-10
1774 1e-09 9.995e-10
1778 1e-09 9.995e-10
1780 1e-09 9.995e-10
1782 2e-09 1.4128e-09
1784 1e-09 9.995e-10
1792 2e-09 1.4128e-09
1794 1e-09 9.995e-10
1796 1e-09 9.995e-10
1798 1e-09 9.995e-10
1802 2e-09 1.4128e-09
1804 2e-09 1.4128e-09
1808 1e-09 9.995e-10
1810 1e-09 9.995e-10
1816 1e-09 9.995e-10
1820 3e-09 1.72945e-09
1822 3e-09 1.72945e-09
1824 1e-09 9.995e-10
1826 2e-09 1.4128e-09
1832 1e-09 9.995e-10
1834 2e-09 1.4128e-09
1836 2e-09 1.4128e-09
1838 2e-09 1.4128e-09
1840 1e-09 9.995e-10
1842 2e-09 1.4128e-09
1844 1e-09 9.995e-10
1848 1e-09 9.995e-10
1850 1e-09 9.995e-10
1852 3e-09 1.72945e-09
1858 2e-09 1.4128e-09
1866 1e-09 9.995e-10
1868 1e-09 9.995e-10
1870 3e-09 1.72945e-09
1872 1e-09 9.995e-10
1874 2e-09 1.4128e-09
1876 2e-09 1.4128e-09
1878 2e-09 1.4128e-09
1882 1e-09 9.995e-10
1888 1e-09 9.995e-10
1892 4e-09 1.996e-09
1894 1e-09 9.995e-10
1896 1e-09 9.995e-10
1898 2e-09 1.4128e-09
1902 1e-09 9.995e-10
1912 1e-09 9.995e-10
1914 1e-09 9.995e-10
1920 1e-09 9.995e-10
1924 1e-09 9.995e-10
1926 3e-09 1.72945e-09
1928 1e-09 9.995e-10
1930 1e-09 9.995e-10
1934 3e-09 1.72945e-09
1938 1e-09 9.995e-10
1940 2e-09 1.4128e-09
1942 1e-09 9.995e-10
1944 1e-09 9.995e-10
1946 2e-09 1.4128e-09
1952 1e-09 9.995e-10
1954 2e-09 1.4128e-09
1956 3e-09 1.72945e-09
1960 1e-09 9.995e-10
1964 2e-09 1.4128e-09
1966 2e-09 1.4128e-09
1968 2e-09 1.4128e-09
1970 2e-09 1.4128e-09
1976 1e-09 9.995e-10
1982 3e-09 1.72945e-09
1984 1e-09 9.995e-10
1986 1e-09 9.995e-10
1988 1e-09 9.995e-10
1990 3e-09 1.72945e-09
1996 2e-09 1.4128e-09
2002 2e-09 1.4128e-09
2006 2e-09 1.4128e-09
2008 1e-09 9.995e-10
2010 1e-09 9.995e-10
2012 1e-09 9.995e-10
2022 2e-09 1.4128e-09
2026 1e-09 9.995e-10
2034 3e-09 1.72945e-09
2036 2e-09 1.4128e-09
2038 1e-09 9.995e-10
2042 1e-09 9.995e-10
2050 2e-09 1.4128e-09
2054 1e-09 9.995e-10
2058 1e-09 9.995e-10
2060 2e-09 1.4128e-09
2062 2e-09 1.4128e-09
2066 3e-09 1.72945e-09
2068 2e-09 1.4128e-09
2070 2e-09 1.4128e-09
2072 1e-09 9.995e-10
2074 1e-09 9.995e-10
2076 2e-09 1.4128e-09
2078 1e-09 9.995e-10
2080 2e-09 1.4128e-09
2082 1e-09 9.995e-10
2090 1e-09 9.995e-10
2094 1e-09 9.995e-10
2096 1e-09 9.995e-10
2098 2e-09 1.4128e-09
2100 2e-09 1.4128e-09
2102 1e-09 9.995e-10
2110 1e-09 9.995e-10
2114 1e-09 9.995e-10
2118 1e-09 9.995e-10
2120 3e-09 1.72945e-09
2122 1e-09 9.995e-10
2126 2e-09 1.4128e-09
2128 2e-09 1.4128e-09
2130 2e-09 1.4128e-09
2132 2e-09 1.4128e-09
2134 1e-09 9.995e-10
2140 3e-09 1.72945e-09
2142 1e-09 9.995e-10
2146 1e-09 9.995e-10
2152 1e-09 9.995e-10
2154 1e-09 9.995e-10
2156 2e-09 1.4128e-09
2158 1e-09 9.995e-10
2162 1e-09 9.995e-10
2164 1e-09 9.995e-10
2166 2e-09 1.4128e-09
2172 1e-09 9.995e-10
2180 2e-09 1.4128e-09
2184 1e-09 9.995e-10
2196 2e-09 1.4128e-09
2206 2e-09 1.4128e-09
2208 1e-09 9.995e-10
2218 2e-09 1.4128e-09
2222 2e-09 1.4128e-09
2230 1e-09 9.995e-10
2234 2e-09 1.4128e-09
2236 1e-09 9.995e-10
2240 1e-09 9.995e-10
2244 1e-09 9.995e-10
2246 4e-09 1.996e-09
2252 1e-09 9.995e-10
2260 1e-09 9.995e-10
2264 3e-09 1.72945e-09
2266 3e-09 1.72945e-09
2268 1e-09 9.995e-10
2270 1e-09 9.995e-10
2274 1e-09 9.995e-10
2276 1e-09 9.995e-10
2278 1e-09 9.995e-10
2284 2e-09 1.4128e-09
2290 1e-09 9.995e-10
2292 2e-09 1.4128e-09
2294 2e-09 1.4128e-09
2296 1e-09 9.995e-10
2300 1e-09 9.995e-10
2304 1e-09 9.995e-10
2306 1e-09 9.995e-10
2310 2e-09 1.4128e-09
2312 1e-09 9.995e-10
2324 2e-09 1.4128e-09
2330 1e-09 9.995e-10
2338 1e-09 9.995e-10
2340 1e-09 9.995e-10
2342 1e-09 9.995e-10
2346 2e-09 1.4128e-09
2350 1e-09 9.995e-10
2354 1e-09 9.995e-10
2360 1e-09 9.995e-10
2368 1e-09 9.995e-10
2376 2e-09 1.4128e-09
2380 1e-09 9.995e-10
2384 1e-09 9.995e-10
2386 1e-09 9.995e-10
2388 1e-09 9.995e-10
2390 2e-09 1.4128e-09
2392 1e-09 9.995e-10
2396 1e-09 9.995e-10
2398 1e-09 9.995e-10
2402 2e-09 1.4128e-09
2408 1e-09 9.995e-10
2412 2e-09 1.4128e-09
2416 1e-09 9.995e-10
2420 1e-09 9.995e-10
2422 1e-09 9.995e-10
2424 1e-09 9.995e-10
2426 1e-09 9.995e-10
2432 1e-09 9.995e-10
2436 1e-09 9.995e-10
2442 2e-09 1.4128e-09
2444 1e-09 9.995e-10
2460 1e-09 9.995e-10
2462 1e-09 9.995e-10
2470 2e-09 1.4128e-09
2484 1e-09 9.995e-10
2488 2e-09 1.4128e-09
2492 1e-09 9.995e-10
2496 1e-09 9.995e-10
2498 1e-09 9.995e-10
2504 1e-09 9.995e-10
2506 1e-09 9.995e-10
2508 1e-09 9.995e-10
2512 1e-09 9.995e-10
2518 1e-09 9.995e-10
2528 1e-09 9.995e-10
2530 1e-09 9.995e-10
2532 1e-09 9.995e-10
2534 1e-09 9.995e-10
2540 1e-09 9.995e-10
2544 1e-09 9.995e-10
2550 1e-09 9.995e-10
2556 1e-09 9.995e-10
2560 1e-09 9.995e-10
2562 1e-09 9.995e-10
2566 1e-09 9.995e-10
2568 2e-09 1.4128e-09
2576 1e-09 9.995e-10
2578 1e-09 9.995e-10
2582 1e-09 9.995e-10
2586 1e-09 9.995e-10
2588 1e-09 9.995e-10
2592 1e-09 9.995e-10
2596 1e-09 9.995e-10
2600 1e-09 9.995e-10
2602 2e-09 1.4128e-09
2610 2e-09 1.4128e-09
2616 1e-09 9.995e-10
2618 1e-09 9.995e-10
2626 1e-09 9.995e-10
2628 1e-09 9.995e-10
2630 1e-09 9.995e-10
2634 1e-09 9.995e-10
2638 1e-09 9.995e-10
2642 1e-09 9.995e-10
2654 1e-09 9.995e-10
2656 1e-09 9.995e-10
2660 2e-09 1.4128e-09
2664 1e-09 9.995e-10
2666 2e-09 1.4128e-09
2670 1e-09 9.995e-10
2672 1e-09 9.995e-10
2680 2e-09 1.4128e-09
2686 1e-09 9.995e-10
2690 2e-09 1.4128e-09
2692 1e-09 9.995e-10
2698 1e-09 9.995e-10
2708 3e-09 1.72945e-09
2710 1e-09 9.995e-10
2712 2e-09 1.4128e-09
2714 1e-09 9.995e-10
2722 1e-09 9.995e-10
2726 1e-09 9.995e-10
2728 1e-09 9.995e-10
2734 1e-09 9.995e-10
2738 1e-09 9.995e-10
2740 1e-09 9.995e-10
2756 1e-09 9.995e-10
2758 1e-09 9.995e-10
2760 2e-09 1.4128e-09
2762 1e-09 9.995e-10
2770 1e-09 9.995e-10
2776 1e-09 9.995e-10
2780 1e-09 9.995e-10
2788 1e-09 9.995e-10
2792 1e-09 9.995e-10
2794 1e-09 9.995e-10
2798 2e-09 1.4128e-09
2802 1e-09 9.995e-10
2814 1e-09 9.995e-10
2822 1e-09 9.995e-10
2824 2e-09 1.4128e-09
2826 2e-09 1.4128e-09
2828 1e-09 9.995e-10
2830 1e-09 9.995e-10
2848 1e-09 9.995e-10
2850 1e-09 9.995e-10
2856 1e-09 9.995e-10
2868 1e-09 9.995e-10
2870 1e-09 9.995e-10
2880 1e-09 9.995e-10
2884 2e-09 1.4128e-09
2892 1e-09 9.995e-10
2914 1e-09 9.995e-10
2924 1e-09 9.995e-10
2930 1e-09 9.995e-10
2934 1e-09 9.995e-10
2936 2e-09 1.4128e-09
2938 1e-09 9.995e-10
2946 2e-09 1.4128e-09
2954 1e-09 9.995e-10
2956 1e-09 9.995e-10
2960 1e-09 9.995e-10
2962 1e-09 9.995e-10
2968 1e-09 9.995e-10
2972 1e-09 9.995e-10
2976 1e-09 9.995e-10
2984 1e-09 9.995e-10
2988 1e-09 9.995e-10
2994 1e-09 9.995e-10
2996 2e-09 1.4128e-09
3000 1e-09 9.995e-10
3004 1e-09 9.995e-10
3010 1e-09 9.995e-10
3016 2e-09 1.4128e-09
3024 1e-09 9.995e-10
3028 1e-09 9.995e-10
3032 1e-09 9.995e-10
3034 1e-09 9.995e-10
3038 1e-09 9.995e-10
3042 1e-09 9.995e-10
3054 1e-09 9.995e-10
3076 1e-09 9.995e-10
3084 1e-09 9.995e-10
3086 1e-09 9.995e-10
3094 1e-09 9.995e-10
3110 1e-09 9.995e-10
3112 1e-09 9.995e-10
3114 1e-09 9.995e-10
3128 1e-09 9.995e-10
3132 1e-09 9.995e-10
3134 1e-09 9.995e-10
3140 2e-09 1.4128e-09
3144 1e-09 9.995e-10
3146 1e-09 9.995e-10
3156 2e-09 1.4128e-09
3162 1e-09 9.995e-10
3176 2e-09 1.4128e-09
3180 1e-09 9.995e-10
3186 1e-09 9.995e-10
3196 1e-09 9.995e-10
3198 1e-09 9.995e-10
3206 1e-09 9.995e-10
3208 1e-09 9.995e-10
3220 1e-09 9.995e-10
3228 1e-09 9.995e-10
3232 1e-09 9.995e-10
3242 1e-09 9.995e-10
3244 1e-09 9.995e-10
3250 1e-09 9.995e-10
3252 1e-09 9.995e-10
3258 1e-09 9.995e-10
3262 1e-09 9.995e-10
3270 1e-09 9.995e-10
3276 1e-09 9.995e-10
3280 1e-09 9.995e-10
3312 1e-09 9.995e-10
3316 1e-09 9.995e-10
3320 1e-09 9.995e-10
3322 1e-09 9.995e-10
3338 2e-09 1.4128e-09
3342 1e-09 9.995e-10
3352 1e-09 9.995e-10
3354 2e-09 1.4128e-09
3356 1e-09 9.995e-10
3368 1e-09 9.995e-10
3374 1e-09 9.995e-10
3376 1e-09 9.995e-10
3378 1e-09 9.995e-10
3388 1e-09 9.995e-10
3416 1e-09 9.995e-10
3422 2e-09 1.4128e-09
3424 1e-09 9.995e-10
3432 1e-09 9.995e-10
3438 1e-09 9.995e-10
3454 1e-09 9.995e-10
3456 1e-09 9.995e-10
3464 1e-09 9.995e-10
3466 1e-09 9.995e-10
3468 2e-09 1.4128e-09
3484 1e-09 9.995e-10
3486 1e-09 9.995e-10
3492 1e-09 9.995e-10
3506 1e-09 9.995e-10
3514 1e-09 9.995e-10
3516 1e-09 9.995e-10
3518 1e-09 9.995e-10
3520 1e-09 9.995e-10
3530 1e-09 9.995e-10
3552 3e-09 1.72945e-09
3568 1e-09 9.995e-10
3578 1e-09 9.995e-10
3586 1e-09 9.995e-10
3594 1e-09 9.995e-10
3596 2e-09 1.4128e-09
3606 1e-09 9.995e-10
3608 1e-09 9.995e-10
3624 1e-09 9.995e-10
3630 1e-09 9.995e-10
3666 1e-09 9.995e-10
3672 1e-09 9.995e-10
3674 1e-09 9.995e-10
3676 1e-09 9.995e-10
3680 1e-09 9.995e-10
3690 1e-09 9.995e-10
3712 1e-09 9.995e-10
3714 1e-09 9.995e-10
3716 1e-09 9.995e-10
3720 1e-09 9.995e-10
3726 1e-09 9.995e-10
3736 1e-09 9.995e-10
3740 1e-09 9.995e-10
3744 1e-09 9.995e-10
3746 1e-09 9.995e-10
3750 1e-09 9.995e-10
3760 1e-09 9.995e-10
3766 1e-09 9.995e-10
3768 1e-09 9.995e-10
3770 1e-09 9.995e-10
3808 1e-09 9.995e-10
3810 1e-09 9.995e-10
3812 1e-09 9.995e-10
3828 1e-09 9.995e-10
3830 1e-09 9.995e-10
3832 1e-09 9.995e-10
3846 1e-09 9.995e-10
3850 2e-09 1.4128e-09
3854 1e-09 9.995e-10
3864 1e-09 9.995e-10
3872 1e-09 9.995e-10
3874 2e-09 1.4128e-09
3882 1e-09 9.995e-10
3888 1e-09 9.995e-10
3894 1e-09 9.995e-10
3896 1e-09 9.995e-10
3908 1e-09 9.995e-10
3918 1e-09 9.995e-10
3920 1e-09 9.995e-10
3932 1e-09 9.995e-10
3938 1e-09 9.995e-10
3952 1e-09 9.995e-10
3964 1e-09 9.995e-10
3972 1e-09 9.995e-10
3982 1e-09 9.995e-10
3996 1e-09 9.995e-10
4004 1e-09 9.995e-10
4006 1e-09 9.995e-10
4008 1e-09 9.995e-10
4014 1e-09 9.995e-10
4056 1e-09 9.995e-10
4086 1e-09 9.995e-10
4088 1e-09 9.995e-10
4098 1e-09 9.995e-10
4100 1e-09 9.995e-10
4134 1e-09 9.995e-10
4142 1e-09 9.995e-10
4150 1e-09 9.995e-10
4168 1e-09 9.995e-10
4172 1e-09 9.995e-10
4174 1e-09 9.995e-10
4204 1e-09 9.995e-10
4208 1e-09 9.995e-10
4216 2e-09 1.4128e-09
4232 2e-09 1.4128e-09
4246 1e-09 9.995e-10
4260 1e-09 9.995e-10
4274 1e-09 9.995e-10
4278 2e-09 1.4128e-09
4296 1e-09 9.995e-10
4308 1e-09 9.995e-10
4316 1e-09 9.995e-10
4320 1e-09 9.995e-10
4322 1e-09 9.995e-10
4324 1e-09 9.995e-10
4330 1e-09 9.995e-10
4334 1e-09 9.995e-10
4352 1e-09 9.995e-10
4366 1e-09 9.995e-10
4376 1e-09 9.995e-10
4382 2e-09 1.4128e-09
4386 1e-09 9.995e-10
4398 1e-09 9.995e-10
4404 1e-09 9.995e-10
4416 1e-09 9.995e-10
4420 1e-09 9.995e-10
4424 1e-09 9.995e-10
4428 1e-09 9.995e-10
4430 2e-09 1.4128e-09
4446 1e-09 9.995e-10
4448 1e-09 9.995e-10
4454 1e-09 9.995e-10
4466 1e-09 9.995e-10
4484 1e-09 9.995e-10
4488 1e-09 9.995e-10
4498 1e-09 9.995e-10
4514 1e-09 9.995e-10
4516 1e-09 9.995e-10
4520 1e-09 9.995e-10
4532 1e-09 9.995e-10
4536 1e-09 9.995e-10
4560 1e-09 9.995e-10
4572 1e-09 9.995e-10
4578 1e-09 9.995e-10
4584 1e-09 9.995e-10
4586 1e-09 9.995e-10
4604 1e-09 9.995e-10
4618 1e-09 9.995e-10
4626 1e-09 9.995e-10
4638 1e-09 9.995e-10
4642 1e-09 9.995e-10
4656 1e-09 9.995e-10
4658 1e-09 9.995e-10
4690 1e-09 9.995e-10
4712 1e-09 9.995e-10
4716 1e-09 9.995e-10
4732 1e-09 9.995e-10
4742 1e-09 9.995e-10
4746 1e-09 9.995e-10
4764 1e-09 9.995e-10
4776 1e-09 9.995e-10
4782 1e-09 9.995e-10
4790 1e-09 9.995e-10
4798 2e-09 1.4128e-09
4806 1e-09 9.995e-10
4810 1e-09 9.995e-10
4814 1e-09 9.995e-10
4824 1e-09 9.995e-10
4828 1e-09 9.995e-10
4858 2e-09 1.4128e-09
4868 1e-09 9.995e-10
4890 1e-09 9.995e-10
4892 1e-09 9.995e-10
4898 1e-09 9.995e-10
4914 1e-09 9.995e-10
4916 1e-09 9.995e-10
4918 1e-09 9.995e-10
4980 1e-09 9.995e-10
4982 1e-09 9.995e-10
5010 1e-09 9.995e-10
5018 1e-09 9.995e-10
5026 1e-09 9.995e-10
5036 1e-09 9.995e-10
5044 2e-09 1.4128e-09
5070 1e-09 9.995e-10
5084 1e-09 9.995e-10
5086 1e-09 9.995e-10
5108 1e-09 9.995e-10
5118 1e-09 9.995e-10
5150 1e-09 9.995e-10
5184 1e-09 9.995e-10
5198 2e-09 1.4128e-09
5212 1e-09 9.995e-10
5216 1e-09 9.995e-10
5220 1e-09 9.995e-10
5228 1e-09 9.995e-10
5236 1e-09 9.995e-10
5266 1e-09 9.995e-10
5268 1e-09 9.995e-10
5312 1e-09 9.995e-10
5316 1e-09 9.995e-10
5322 1e-09 9.995e-10
5326 2e-09 1.4128e-09
5332 1e-09 9.995e-10
5366 1e-09 9.995e-10
5374 1e-09 9.995e-10
5378 1e-09 9.995e-10
5380 1e-09 9.995e-10
5386 1e-09 9.995e-10
5388 1e-09 9.995e-10
5400 1e-09 9.995e-10
5402 1e-09 9.995e-10
5406 1e-09 9.995e-10
5422 1e-09 9.995e-10
5426 1e-09 9.995e-10
5436 1e-09 9.995e-10
5466 2e-09 1.4128e-09
5480 1e-09 9.995e-10
5496 1e-09 9.995e-10
5498 1e-09 9.995e-10
5504 1e-09 9.995e-10
5522 2e-09 1.4128e-09
5524 1e-09 9.995e-10
5542 1e-09 9.995e-10
5550 1e-09 9.995e-10
5602 1e-09 9.995e-10
5616 1e-09 9.995e-10
5624 1e-09 9.995e-10
5626 1e-09 9.995e-10
5646 1e-09 9.995e-10
5658 1e-09 9.995e-10
5660 1e-09 9.995e-10
5666 1e-09 9.995e-10
5678 1e-09 9.995e-10
5692 1e-09 9.995e-10
5694 1e-09 9.995e-10
5710 1e-09 9.995e-10
5724 1e-09 9.995e-10
5726 2e-09 1.4128e-09
5730 1e-09 9.995e-10
5732 1e-09 9.995e-10
5740 1e-09 9.995e-10
5756 1e-09 9.995e-10
5768 1e-09 9.995e-10
5770 2e-09 1.4128e-09
5778 1e-09 9.995e-10
5804 1e-09 9.995e-10
5822 1e-09 9.995e-10
5824 1e-09 9.995e-10
5864 1e-09 9.995e-10
5878 1e-09 9.995e-10
5882 1e-09 9.995e-10
5892 1e-09 9.995e-10
5896 1e-09 9.995e-10
5900 1e-09 9.995e-10
5904 1e-09 9.995e-10
5906 2e-09 1.4128e-09
5908 1e-09 9.995e-10
5914 1e-09 9.995e-10
5916 1e-09 9.995e-10
5918 1e-09 9.995e-10
5928 1e-09 9.995e-10
5930 1e-09 9.995e-10
5948 1e-09 9.995e-10
5954 1e-09 9.995e-10
5986 1e-09 9.995e-10
5994 2e-09 1.4128e-09
5996 1e-09 9.995e-10
5998 1e-09 9.995e-10
6000 1e-09 9.995e-10
6008 1e-09 9.995e-10
6012 1e-09 9.995e-10
6040 1e-09 9.995e-10
6046 1e-09 9.995e-10
6048 1e-09 9.995e-10
6056 1e-09 9.995e-10
6068 1e-09 9.995e-10
6086 1e-09 9.995e-10
6098 1e-09 9.995e-10
6128 1e-09 9.995e-10
6138 2e-09 1.4128e-09
6146 1e-09 9.995e-10
6154 1e-09 9.995e-10
6158 1e-09 9.995e-10
6180 2e-09 1.4128e-09
6202 1e-09 9.995e-10
6204 1e-09 9.995e-10
6240 2e-09 1.4128e-09
6252 1e-09 9.995e-10
6276 1e-09 9.995e-10
6286 1e-09 9.995e-10
6296 2e-09 1.4128e-09
6330 1e-09 9.995e-10
6336 1e-09 9.995e-10
6360 1e-09 9.995e-10
6368 1e-09 9.995e-10
6370 1e-09 9.995e-10
6392 1e-09 9.995e-10
6402 1e-09 9.995e-10
6408 1e-09 9.995e-10
6434 1e-09 9.995e-10
6452 1e-09 9.995e-10
6462 1e-09 9.995e-10
6464 1e-09 9.995e-10
6468 1e-09 9.995e-10
6484 1e-09 9.995e-10
6492 1e-09 9.995e-10
6500 1e-09 9.995e-10
6510 1e-09 9.995e-10
6512 1e-09 9.995e-10
6532 1e-09 9.995e-10
6552 1e-09 9.995e-10
6562 1e-09 9.995e-10
6588 2e-09 1.4128e-09
6596 1e-09 9.995e-10
6606 1e-09 9.995e-10
6630 1e-09 9.995e-10
6642 1e-09 9.995e-10
6650 1e-09 9.995e-10
6652 1e-09 9.995e-10
6658 1e-09 9.995e-10
6662 1e-09 9.995e-10
6666 1e-09 9.995e-10
6670 1e-09 9.995e-10
6702 1e-09 9.995e-10
6714 1e-09 9.995e-10
6748 1e-09 9.995e-10
6760 1e-09 9.995e-10
6766 1e-09 9.995e-10
6768 1e-09 9.995e-10
6774 1e-09 9.995e-10
6778 1e-09 9.995e-10
6782 1e-09 9.995e-10
6796 1e-09 9.995e-10
6804 1e-09 9.995e-10
6816 1e-09 9.995e-10
6856 1e-09 9.995e-10
6860 1e-09 9.995e-10
6870 1e-09 9.995e-10
6882 1e-09 9.995e-10
6884 1e-09 9.995e-10
6926 1e-09 9.995e-10
6928 1e-09 9.995e-10
6964 1e-09 9.995e-10
7008 2e-09 1.4128e-09
7012 1e-09 9.995e-10
7020 1e-09 9.995e-10
7044 1e-09 9.995e-10
7054 1e-09 9.995e-10
7060 1e-09 9.995e-10
7074 1e-09 9.995e-10
7088 1e-09 9.995e-10
7108 1e-09 9.995e-10
7118 1e-09 9.995e-10
7126 1e-09 9.995e-10
7156 1e-09 9.995e-10
7168 2e-09 1.4128e-09
7178 1e-09 9.995e-10
7192 1e-09 9.995e-10
7204 1e-09 9.995e-10
7208 1e-09 9.995e-10
7210 1e-09 9.995e-10
7230 1e-09 9.995e-10
7242 1e-09 9.995e-10
7284 1e-09 9.995e-10
7324 1e-09 9.995e-10
7352 2e-09 1.4128e-09
7384 1e-09 9.995e-10
7396 1e-09 9.995e-10
7424 1e-09 9.995e-10
7426 1e-09 9.995e-10
7430 1e-09 9.995e-10
7456 1e-09 9.995e-10
7464 1e-09 9.995e-10
7468 1e-09 9.995e-10
7504 1e-09 9.995e-10
7518 1e-09 9.995e-10
7536 1e-09 9.995e-10
7552 1e-09 9.995e-10
7574 1e-09 9.995e-10
7582 1e-09 9.995e-10
7642 1e-09 9.995e-10
7652 1e-09 9.995e-10
7666 1e-09 9.995e-10
7680 1e-09 9.995e-10
7694 1e-09 9.995e-10
7764 1e-09 9.995e-10
7772 1e-09 9.995e-10
7794 1e-09 9.995e-10
7800 1e-09 9.995e-10
7810 1e-09 9.995e-10
7814 1e-09 9.995e-10
7822 1e-09 9.995e-10
7828 1e-09 9.995e-10
7832 1e-09 9.995e-10
7842 1e-09 9.995e-10
7856 1e-09 9.995e-10
7896 1e-09 9.995e-10
7900 1e-09 9.995e-10
7940 1e-09 9.995e-10
7984 1e-09 9.995e-10
7992 1e-09 9.995e-10
7994 1e-09 9.995e-10
8008 1e-09 9.995e-10
8014 1e-09 9.995e-10
8058 1e-09 9.995e-10
8076 1e-09 9.995e-10
8130 1e-09 9.995e-10
8136 1e-09 9.995e-10
8142 1e-09 9.995e-10
8156 1e-09 9.995e-10
8166 1e-09 9.995e-10
8200 1e-09 9.995e-10
8204 1e-09 9.995e-10
8230 1e-09 9.995e-10
8248 1e-09 9.995e-10
8258 1e-09 9.995e-10
8302 1e-09 9.995e-10
8308 2e-09 1.4128e-09
8312 2e-09 1.4128e-09
8348 1e-09 9.995e-10
8386 1e-09 9.995e-10
8390 1e-09 9.995e-10
8400 1e-09 9.995e-10
8444 1e-09 9.995e-10
8448 1e-09 9.995e-10
8452 1e-09 9.995e-10
8458 1e-09 9.995e-10
8462 1e-09 9.995e-10
8488 1e-09 9.995e-10
8494 1e-09 9.995e-10
8502 1e-09 9.995e-10
8508 1e-09 9.995e-10
8536 1e-09 9.995e-10
8538 1e-09 9.995e-10
8606 1e-09 9.995e-10
8626 1e-09 9.995e-10
8630 1e-09 9.995e-10
8650 1e-09 9.995e-10
8652 1e-09 9.995e-10
8674 1e-09 9.995e-10
8714 1e-09 9.995e-10
8716 1e-09 9.995e-10
8742 1e-09 9.995e-10
8792 1e-09 9.995e-10
8802 1e-09 9.995e-10
8810 1e-09 9.995e-10
8844 1e-09 9.995e-10
8858 1e-09 9.995e-10
8874 1e-09 9.995e-10
8900 1e-09 9.995e-10
8912 1e-09 9.995e-10
8924 1e-09 9.995e-10
8936 1e-09 9.995e-10
8944 1e-09 9.995e-10
8980 1e-09 9.995e-10
9018 1e-09 9.995e-10
9026 1e-09 9.995e-10
9032 1e-09 9.995e-10
9038 1e-09 9.995e-10
9052 1e-09 9.995e-10
9058 1e-09 9.995e-10
9064 1e-09 9.995e-10
9078 1e-09 9.995e-10
9128 1e-09 9.995e-10
9138 1e-09 9.995e-10
9140 1e-09 9.995e-10
9176 2e-09 1.4128e-09
9198 1e-09 9.995e-10
9204 1e-09 9.995e-10
9220 1e-09 9.995e-10
9224 1e-09 9.995e-10
9288 1e-09 9.995e-10
9296 1e-09 9.995e-10
9304 1e-09 9.995e-10
9332 1e-09 9.995e-10
9356 1e-09 9.995e-10
9362 1e-09 9.995e-10
9388 1e-09 9.995e-10
9402 1e-09 9.995e-10
9424 1e-09 9.995e-10
9440 1e-09 9.995e-10
9518 1e-09 9.995e-10
9530 1e-09 9.995e-10
9566 1e-09 9.995e-10
9578 1e-09 9.995e-10
9580 1e-09 9.995e-10
9584 1e-09 9.995e-10
9620 1e-09 9.995e-10
9654 1e-09 9.995e-10
9658 1e-09 9.995e-10
9678 1e-09 9.995e-10
9682 1e-09 9.995e-10
9694 1e-09 9.995e-10
9720 1e-09 9.995e-10
9738 1e-09 9.995e-10
9744 1e-09 9.995e-10
9754 1e-09 9.995e-10
9784 1e-09 9.995e-10
9786 1e-09 9.995e-10
9792 1e-09 9.995e-10
9818 1e-09 9.995e-10
9840 1e-09 9.995e-10
9880 1e-09 9.995e-10
9884 1e-09 9.995e-10
9892 1e-09 9.995e-10
9896 1e-09 9.995e-10
9904 1e-09 9.995e-10
9908 1e-09 9.995e-10
9942 1e-09 9.995e-10
9968 1e-09 9.995e-10
9982 1e-09 9.995e-10
10028 1e-09 9.995e-10
10052 2e-09 1.4128e-09
10068 1e-09 9.995e-10
10070 1e-09 9.995e-10
10092 1e-09 9.995e-10
10144 1e-09 9.995e-10
10160 1e-09 9.995e-10
10182 1e-09 9.995e-10
10186 1e-09 9.995e-10
10190 1e-09 9.995e-10
10198 1e-09 9.995e-10
10204 1e-09 9.995e-10
10216 1e-09 9.995e-10
10334 1e-09 9.995e-10
10374 1e-09 9.995e-10
10378 1e-09 9.995e-10
10400 1e-09 9.995e-10
10430 1e-09 9.995e-10
10522 1e-09 9.995e-10
10542 2e-09 1.4128e-09
10590 1e-09 9.995e-10
10640 1e-09 9.995e-10
10642 1e-09 9.995e-10
10676 1e-09 9.995e-10
10700 1e-09 9.995e-10
10704 1e-09 9.995e-10
10726 1e-09 9.995e-10
10736 1e-09 9.995e-10
10746 1e-09 9.995e-10
10856 1e-09 9.995e-10
10874 1e-09 9.995e-10
10896 1e-09 9.995e-10
10902 1e-09 9.995e-10
10906 1e-09 9.995e-10
10916 1e-09 9.995e-10
10924 1e-09 9.995e-10
10966 1e-09 9.995e-10
11000 1e-09 9.995e-10
11026 1e-09 9.995e-10
11046 1e-09 9.995e-10
11076 1e-09 9.995e-10
11090 1e-09 9.995e-10
11114 1e-09 9.995e-10
11116 1e-09 9.995e-10
11118 1e-09 9.995e-10
11184 1e-09 9.995e-10
11190 1e-09 9.995e-10
11206 1e-09 9.995e-10
11222 2e-09 1.4128e-09
11228 1e-09 9.995e-10
11242 1e-09 9.995e-10
11250 1e-09 9.995e-10
11254 1e-09 9.995e-10
11290 1e-09 9.995e-10
11308 1e-09 9.995e-10
11364 1e-09 9.995e-10
11372 1e-09 9.995e-10
11380 1e-09 9.995e-10
11384 1e-09 9.995e-10
11400 1e-09 9.995e-10
11410 1e-09 9.995e-10
11454 1e-09 9.995e-10
11474 1e-09 9.995e-10
11492 1e-09 9.995e-10
11588 1e-09 9.995e-10
11604 1e-09 9.995e-10
11636 1e-09 9.995e-10
11666 1e-09 9.995e-10
11688 1e-09 9.995e-10
11710 1e-09 9.995e-10
11720 1e-09 9.995e-10
11724 1e-09 9.995e-10
11760 1e-09 9.995e-10
11764 1e-09 9.995e-10
11860 1e-09 9.995e-10
11866 1e-09 9.995e-10
11906 1e-09 9.995e-10
11910 1e-09 9.995e-10
11920 1e-09 9.995e-10
11972 1e-09 9.995e-10
12030 1e-09 9.995e-10
12102 1e-09 9.995e-10
12128 1e-09 9.995e-10
12164 1e-09 9.995e-10
12186 1e-09 9.995e-10
12196 1e-09 9.995e-10
12198 1e-09 9.995e-10
12204 1e-09 9.995e-10
12248 1e-09 9.995e-10
12374 1e-09 9.995e-10
12422 1e-09 9.995e-10
12430 1e-09 9.995e-10
12446 1e-09 9.995e-10
12450 1e-09 9.995e-10
12464 1e-09 9.995e-10
12490 1e-09 9.995e-10
12534 1e-09 9.995e-10
12546 1e-09 9.995e-10
12576 2e-09 1.4128e-09
12584 1e-09 9.995e-10
12592 1e-09 9.995e-10
12612 1e-09 9.995e-10
12638 1e-09 9.995e-10
12658 1e-09 9.995e-10
12680 1e-09 9.995e-10
12874 1e-09 9.995e-10
12882 1e-09 9.995e-10
12884 1e-09 9.995e-10
12898 1e-09 9.995e-10
12916 1e-09 9.995e-10
12940 1e-09 9.995e-10
12962 1e-09 9.995e-10
13016 1e-09 9.995e-10
13026 1e-09 9.995e-10
13072 1e-09 9.995e-10
13096 1e-09 9.995e-10
13112 1e-09 9.995e-10
13174 1e-09 9.995e-10
13184 1e-09 9.995e-10
13208 1e-09 9.995e-10
13216 1e-09 9.995e-10
13284 2e-09 1.4128e-09
13334 1e-09 9.995e-10
13336 1e-09 9.995e-10
13342 1e-09 9.995e-10
13376 1e-09 9.995e-10
13412 1e-09 9.995e-10
13434 1e-09 9.995e-10
13466 1e-09 9.995e-10
13490 1e-09 9.995e-10
13524 1e-09 9.995e-10
13600 1e-09 9.995e-10
13630 1e-09 9.995e-10
13642 1e-09 9.995e-10
13644 1e-09 9.995e-10
13692 1e-09 9.995e-10
13734 1e-09 9.995e-10
13786 1e-09 9.995e-10
13802 1e-09 9.995e-10
13804 1e-09 9.995e-10
13808 1e-09 9.995e-10
13818 1e-09 9.995e-10
13824 1e-09 9.995e-10
13828 1e-09 9.995e-10
13850 1e-09 9.995e-10
13998 1e-09 9.995e-10
14040 1e-09 9.995e-10
14068 1e-09 9.995e-10
14116 1e-09 9.995e-10
14124 1e-09 9.995e-10
14142 1e-09 9.995e-10
14146 1e-09 9.995e-10
14188 1e-09 9.995e-10
14212 1e-09 9.995e-10
14216 1e-09 9.995e-10
14238 1e-09 9.995e-10
14250 1e-09 9.995e-10
14290 1e-09 9.995e-10
14324 1e-09 9.995e-10
14348 1e-09 9.995e-10
14350 1e-09 9.995e-10
14370 1e-09 9.995e-10
14398 1e-09 9.995e-10
14430 1e-09 9.995e-10
14436 1e-09 9.995e-10
14456 1e-09 9.995e-10
14574 1e-09 9.995e-10
14594 1e-09 9.995e-10
14606 1e-09 9.995e-10
14686 1e-09 9.995e-10
14734 1e-09 9.995e-10
14756 1e-09 9.995e-10
14828 1e-09 9.995e-10
14832 1e-09 9.995e-10
14840 1e-09 9.995e-10
14850 1e-09 9.995e-10
14880 1e-09 9.995e-10
14898 1e-09 9.995e-10
14932 1e-09 9.995e-10
14934 1e-09 9.995e-10
14968 1e-09 9.995e-10
14978 1e-09 9.995e-10
14992 1e-09 9.995e-10
15036 1e-09 9.995e-10
15072 1e-09 9.995e-10
15084 1e-09 9.995e-10
15166 1e-09 9.995e-10
15190 1e-09 9.995e-10
15200 1e-09 9.995e-10
15232 1e-09 9.995e-10
15266 1e-09 9.995e-10
15290 1e-09 9.995e-10
15304 1e-09 9.995e-10
15318 1e-09 9.995e-10
15334 1e-09 9.995e-10
15364 1e-09 9.995e-10
15388 1e-09 9.995e-10
15402 1e-09 9.995e-10
15442 1e-09 9.995e-10
15460 1e-09 9.995e-10
15466 1e-09 9.995e-10
15468 1e-09 9.995e-10
15478 2e-09 1.4128e-09
15502 1e-09 9.995e-10
15510 1e-09 9.995e-10
15592 1e-09 9.995e-10
15596 1e-09 9.995e-10
15670 1e-09 9.995e-10
15690 1e-09 9.995e-10
15708 1e-09 9.995e-10
15998 1e-09 9.995e-10
16080 1e-09 9.995e-10
16114 1e-09 9.995e-10
16116 1e-09 9.995e-10
16138 1e-09 9.995e-10
16164 1e-09 9.995e-10
16236 1e-09 9.995e-10
16304 1e-09 9.995e-10
16384 1e-09 9.995e-10
16432 1e-09 9.995e-10
16450 1e-09 9.995e-10
16490 1e-09 9.995e-10
16542 1e-09 9.995e-10
16558 1e-09 9.995e-10
16572 1e-09 9.995e-10
16600 1e-09 9.995e-10
16644 1e-09 9.995e-10
16646 1e-09 9.995e-10
16728 1e-09 9.995e-10
16746 1e-09 9.995e-10
16846 1e-09 9.995e-10
16924 1e-09 9.995e-10
16992 1e-09 9.995e-10
17014 1e-09 9.995e-10
17062 1e-09 9.995e-10
17064 1e-09 9.995e-10
17128 1e-09 9.995e-10
17146 1e-09 9.995e-10
17152 1e-09 9.995e-10
17164 1e-09 9.995e-10
17186 1e-09 9.995e-10
17206 1e-09 9.995e-10
17222 1e-09 9.995e-10
17230 1e-09 9.995e-10
17248 1e-09 9.995e-10
17272 1e-09 9.995e-10
17298 1e-09 9.995e-10
17308 1e-09 9.995e-10
17386 1e-09 9.995e-10
17392 1e-09 9.995e-10
17406 1e-09 9.995e-10
17418 1e-09 9.995e-10
17436 1e-09 9.995e-10
17448 1e-09 9.995e-10
17506 1e-09 9.995e-10
17560 1e-09 9.995e-10
17628 1e-09 9.995e-10
17702 1e-09 9.995e-10
17704 1e-09 9.995e-10
17728 1e-09 9.995e-10
17762 1e-09 9.995e-10
17774 1e-09 9.995e-10
17824 1e-09 9.995e-10
17922 1e-09 9.995e-10
17966 1e-09 9.995e-10
17978 1e-09 9.995e-10
18012 1e-09 9.995e-10
18050 1e-09 9.995e-10
18064 1e-09 9.995e-10
18078 1e-09 9.995e-10
18096 1e-09 9.995e-10
18108 1e-09 9.995e-10
18110 1e-09 9.995e-10
18138 1e-09 9.995e-10
18238 1e-09 9.995e-10
18288 1e-09 9.995e-10
18336 1e-09 9.995e-10
18426 1e-09 9.995e-10
18452 1e-09 9.995e-10
18496 1e-09 9.995e-10
18500 1e-09 9.995e-10
18508 1e-09 9.995e-10
18588 1e-09 9.995e-10
18630 1e-09 9.995e-10
18666 1e-09 9.995e-10
18728 1e-09 9.995e-10
18740 1e-09 9.995e-10
18760 1e-09 9.995e-10
18774 1e-09 9.995e-10
18822 1e-09 9.995e-10
18838 1e-09 9.995e-10
18964 1e-09 9.995e-10
18982 1e-09 9.995e-10
19072 1e-09 9.995e-10
19124 1e-09 9.995e-10
19140 1e-09 9.995e-10
19266 1e-09 9.995e-10
19402 1e-09 9.995e-10
19442 1e-09 9.995e-10
19508 1e-09 9.995e-10
19520 1e-09 9.995e-10
19788 1e-09 9.995e-10
19840 1e-09 9.995e-10
20024 1e-09 9.995e-10
20054 1e-09 9.995e-10
20062 1e-09 9.995e-10
20172 1e-09 9.995e-10
20296 1e-09 9.995e-10
20330 1e-09 9.995e-10
20350 1e-09 9.995e-10
20366 1e-09 9.995e-10
20374 1e-09 9.995e-10
20398 1e-09 9.995e-10
20432 1e-09 9.995e-10
20474 1e-09 9.995e-10
20534 1e-09 9.995e-10
20548 1e-09 9.995e-10
20658 1e-09 9.995e-10
20662 1e-09 9.995e-10
20692 1e-09 9.995e-10
20766 1e-09 9.995e-10
20874 1e-09 9.995e-10
20896 1e-09 9.995e-10
20908 1e-09 9.995e-10
20942 1e-09 9.995e-10
20958 1e-09 9.995e-10
21000 1e-09 9.995e-10
21036 1e-09 9.995e-10
21234 1e-09 9.995e-10
21248 1e-09 9.995e-10
21398 1e-09 9.995e-10
21406 1e-09 9.995e-10
21424 1e-09 9.995e-10
21432 1e-09 9.995e-10
21518 1e-09 9.995e-10
21532 1e-09 9.995e-10
21544 1e-09 9.995e-10
21598 1e-09 9.995e-10
21606 1e-09 9.995e-10
21612 1e-09 9.995e-10
21616 1e-09 9.995e-10
21634 1e-09 9.995e-10
21648 1e-09 9.995e-10
21766 1e-09 9.995e-10
21860 1e-09 9.995e-10
21916 1e-09 9.995e-10
21964 1e-09 9.995e-10
21994 1e-09 9.995e-10
22012 1e-09 9.995e-10
22056 1e-09 9.995e-10
22086 1e-09 9.995e-10
22196 1e-09 9.995e-10
22260 1e-09 9.995e-10
22292 1e-09 9.995e-10
22318 1e-09 9.995e-10
22364 1e-09 9.995e-10
22382 1e-09 9.995e-10
22384 1e-09 9.995e-10
22540 1e-09 9.995e-10
22578 1e-09 9.995e-10
22650 1e-09 9.995e-10
22706 1e-09 9.995e-10
22800 1e-09 9.995e-10
22842 1e-09 9.995e-10
22856 1e-09 9.995e-10
22890 1e-09 9.995e-10
22920 1e-09 9.995e-10
23020 1e-09 9.995e-10
23034 1e-09 9.995e-10
23040 1e-09 9.995e-10
23070 1e-09 9.995e-10
23124 1e-09 9.995e-10
23168 1e-09 9.995e-10
23174 1e-09 9.995e-10
23218 1e-09 9.995e-10
23262 1e-09 9.995e-10
23302 1e-09 9.995e-10
23320 1e-09 9.995e-10
23328 1e-09 9.995e-10
23352 1e-09 9.995e-10
23372 1e-09 9.995e-10
23378 1e-09 9.995e-10
23380 1e-09 9.995e-10
23432 1e-09 9.995e-10
23520 1e-09 9.995e-10
23550 1e-09 9.995e-10
23602 1e-09 9.995e-10
23724 1e-09 9.995e-10
23828 1e-09 9.995e-10
23876 1e-09 9.995e-10
23954 1e-09 9.995e-10
24018 1e-09 9.995e-10
24076 1e-09 9.995e-10
24404 1e-09 9.995e-10
24416 1e-09 9.995e-10
24432 1e-09 9.995e-10
24444 1e-09 9.995e-10
24534 1e-09 9.995e-10
24546 1e-09 9.995e-10
24552 1e-09 9.995e-10
24572 1e-09 9.995e-10
24728 1e-09 9.995e-10
24808 1e-09 9.995e-10
24824 1e-09 9.995e-10
24828 1e-09 9.995e-10
24870 1e-09 9.995e-10
24884 1e-09 9.995e-10
24886 1e-09 9.995e-10
24910 1e-09 9.995e-10
24950 1e-09 9.995e-10
24970 1e-09 9.995e-10
24988 1e-09 9.995e-10
25062 1e-09 9.995e-10
25064 1e-09 9.995e-10
25158 1e-09 9.995e-10
25252 1e-09 9.995e-10
25258 1e-09 9.995e-10
25272 1e-09 9.995e-10
25496 1e-09 9.995e-10
25500 1e-09 9.995e-10
25618 1e-09 9.995e-10
25704 1e-09 9.995e-10
25746 1e-09 9.995e-10
25834 1e-09 9.995e-10
25882 1e-09 9.995e-10
25950 1e-09 9.995e-10
26040 1e-09 9.995e-10
26072 1e-09 9.995e-10
26126 1e-09 9.995e-10
26182 1e-09 9.995e-10
26188 1e-09 9.995e-10
26218 1e-09 9.995e-10
26282 1e-09 9.995e-10
26394 1e-09 9.995e-10
26490 1e-09 9.995e-10
26512 1e-09 9.995e-10
26608 1e-09 9.995e-10
26616 1e-09 9.995e-10
26700 1e-09 9.995e-10
26718 1e-09 9.995e-10
26810 1e-09 9.995e-10
26874 1e-09 9.995e-10
26882 1e-09 9.995e-10
26904 1e-09 9.995e-10
26908 1e-09 9.995e-10
27076 1e-09 9.995e-10
27270 1e-09 9.995e-10
27292 1e-09 9.995e-10
27294 1e-09 9.995e-10
27318 1e-09 9.995e-10
27330 1e-09 9.995e-10
27438 1e-09 9.995e-10
27594 1e-09 9.995e-10
27654 1e-09 9.995e-10
27748 1e-09 9.995e-10
27750 1e-09 9.995e-10
27806 1e-09 9.995e-10
27820 1e-09 9.995e-10
27912 1e-09 9.995e-10
28006 1e-09 9.995e-10
28030 1e-09 9.995e-10
28058 1e-09 9.995e-10
28140 1e-09 9.995e-10
28182 1e-09 9.995e-10
28190 1e-09 9.995e-10
28202 1e-09 9.995e-10
28238 1e-09 9.995e-10
28330 1e-09 9.995e-10
28378 1e-09 9.995e-10
28462 1e-09 9.995e-10
28568 1e-09 9.995e-10
28582 1e-09 9.995e-10
28626 1e-09 9.995e-10
28742 1e-09 9.995e-10
28764 1e-09 9.995e-10
28804 1e-09 9.995e-10
29058 1e-09 9.995e-10
29144 1e-09 9.995e-10
29406 1e-09 9.995e-10
29566 1e-09 9.995e-10
29630 1e-09 9.995e-10
29886 1e-09 9.995e-10
29970 1e-09 9.995e-10
30046 1e-09 9.995e-10
30062 1e-09 9.995e-10
30070 1e-09 9.995e-10
30146 1e-09 9.995e-10
30292 1e-09 9.995e-10
30300 1e-09 9.995e-10
30304 1e-09 9.995e-10
30322 1e-09 9.995e-10
30384 1e-09 9.995e-10
30390 1e-09 9.995e-10
30426 1e-09 9.995e-10
30446 1e-09 9.995e-10
30470 1e-09 9.995e-10
30504 1e-09 9.995e-10
30550 1e-09 9.995e-10
30642 1e-09 9.995e-10
30694 1e-09 9.995e-10
30816 1e-09 9.995e-10
30826 1e-09 9.995e-10
30910 1e-09 9.995e-10
30964 1e-09 9.995e-10
31306 1e-09 9.995e-10
31424 1e-09 9.995e-10
31466 1e-09 9.995e-10
31528 1e-09 9.995e-10
31738 1e-09 9.995e-10
31774 1e-09 9.995e-10
31992 1e-09 9.995e-10
32102 1e-09 9.995e-10
32178 1e-09 9.995e-10
32446 1e-09 9.995e-10
32700 1e-09 9.995e-10
32708 1e-09 9.995e-10
32840 1e-09 9.995e-10
33112 1e-09 9.995e-10
33180 1e-09 9.995e-10
33238 1e-09 9.995e-10
33332 1e-09 9.995e-10
33352 1e-09 9.995e-10
33364 1e-09 9.995e-10
33408 1e-09 9.995e-10
33556 1e-09 9.995e-10
33646 1e-09 9.995e-10
33680 1e-09 9.995e-10
33682 1e-09 9.995e-10
33690 1e-09 9.995e-10
33698 1e-09 9.995e-10
33722 1e-09 9.995e-10
33996 1e-09 9.995e-10
34070 1e-09 9.995e-10
34108 1e-09 9.995e-10
34186 1e-09 9.995e-10
34208 1e-09 9.995e-10
34244 1e-09 9.995e-10
34288 1e-09 9.995e-10
34304 1e-09 9.995e-10
34358 1e-09 9.995e-10
34378 1e-09 9.995e-10
34444 1e-09 9.995e-10
34606 1e-09 9.995e-10
34736 1e-09 9.995e-10
34750 1e-09 9.995e-10
34844 1e-09 9.995e-10
34880 1e-09 9.995e-10
35020 1e-09 9.995e-10
35100 1e-09 9.995e-10
35128 1e-09 9.995e-10
35134 1e-09 9.995e-10
35186 1e-09 9.995e-10
35370 1e-09 9.995e-10
35398 1e-09 9.995e-10
35416 1e-09 9.995e-10
35432 1e-09 9.995e-10
35492 1e-09 9.995e-10
35502 1e-09 9.995e-10
35642 1e-09 9.995e-10
35690 1e-09 9.995e-10
35694 1e-09 9.995e-10
35790 1e-09 9.995e-10
35814 1e-09 9.995e-10
36018 1e-09 9.995e-10
36030 1e-09 9.995e-10
36176 1e-09 9.995e-10
36186 1e-09 9.995e-10
36206 1e-09 9.995e-10
36332 1e-09 9.995e-10
36410 1e-09 9.995e-10
36456 2e-09 1.4128e-09
36502 1e-09 9.995e-10
36588 1e-09 9.995e-10
36590 1e-09 9.995e-10
36704 1e-09 9.995e-10
36832 1e-09 9.995e-10
36894 1e-09 9.995e-10
37092 1e-09 9.995e-10
37126 1e-09 9.995e-10
37206 1e-09 9.995e-10
37254 1e-09 9.995e-10
37394 1e-09 9.995e-10
37634 1e-09 9.995e-10
37700 1e-09 9.995e-10
37756 1e-09 9.995e-10
37770 1e-09 9.995e-10
37886 1e-09 9.995e-10
38032 1e-09 9.995e-10
38116 1e-09 9.995e-10
38184 1e-09 9.995e-10
38330 1e-09 9.995e-10
38360 1e-09 9.995e-10
38544 1e-09 9.995e-10
38558 1e-09 9.995e-10
38714 1e-09 9.995e-10
38734 1e-09 9.995e-10
39002 1e-09 9.995e-10
39158 1e-09 9.995e-10
39180 1e-09 9.995e-10
39342 1e-09 9.995e-10
39384 1e-09 9.995e-10
39666 1e-09 9.995e-10
39790 1e-09 9.995e-10
39810 1e-09 9.995e-10
39972 1e-09 9.995e-10
39988 1e-09 9.995e-10
40034 1e-09 9.995e-10
40216 1e-09 9.995e-10
40226 2e-09 1.4128e-09
40358 1e-09 9.995e-10
40414 1e-09 9.995e-10
40536 1e-09 9.995e-10
40606 1e-09 9.995e-10
40642 1e-09 9.995e-10
40674 1e-09 9.995e-10
40686 1e-09 9.995e-10
40702 1e-09 9.995e-10
40728 1e-09 9.995e-10
40742 1e-09 9.995e-10
40876 1e-09 9.995e-10
41060 1e-09 9.995e-10
41082 1e-09 9.995e-10
41226 1e-09 9.995e-10
41306 1e-09 9.995e-10
41354 1e-09 9.995e-10
41494 1e-09 9.995e-10
41598 1e-09 9.995e-10
41662 1e-09 9.995e-10
41710 1e-09 9.995e-10
41834 1e-09 9.995e-10
42098 1e-09 9.995e-10
42158 1e-09 9.995e-10
42192 1e-09 9.995e-10
42282 1e-09 9.995e-10
42316 1e-09 9.995e-10
42330 1e-09 9.995e-10
42454 1e-09 9.995e-10
42552 1e-09 9.995e-10
42770 1e-09 9.995e-10
42778 1e-09 9.995e-10
43126 1e-09 9.995e-10
43354 1e-09 9.995e-10
43428 1e-09 9.995e-10
43484 1e-09 9.995e-10
43706 1e-09 9.995e-10
43776 1e-09 9.995e-10
43790 1e-09 9.995e-10
43852 1e-09 9.995e-10
43858 1e-09 9.995e-10
43894 1e-09 9.995e-10
43974 1e-09 9.995e-10
43980 1e-09 9.995e-10
44056 1e-09 9.995e-10
44068 1e-09 9.995e-10
44092 1e-09 9.995e-10
44122 1e-09 9.995e-10
44170 1e-09 9.995e-10
44174 1e-09 9.995e-10
44240 1e-09 9.995e-10
44284 1e-09 9.995e-10
44318 1e-09 9.995e-10
44424 1e-09 9.995e-10
44456 1e-09 9.995e-10
44522 1e-09 9.995e-10
44570 1e-09 9.995e-10
44746 1e-09 9.995e-10
44776 1e-09 9.995e-10
44812 1e-09 9.995e-10
44960 1e-09 9.995e-10
45220 1e-09 9.995e-10
45346 1e-09 9.995e-10
45502 1e-09 9.995e-10
45566 1e-09 9.995e-10
45606 1e-09 9.995e-10
45828 1e-09 9.995e-10
45870 1e-09 9.995e-10
46054 1e-09 9.995e-10
46198 1e-09 9.995e-10
46276 1e-09 9.995e-10
46350 1e-09 9.995e-10
46382 1e-09 9.995e-10
46500 1e-09 9.995e-10
46564 1e-09 9.995e-10
46674 1e-09 9.995e-10
46796 1e-09 9.995e-10
46930 1e-09 9.995e-10
47020 1e-09 9.995e-10
47156 1e-09 9.995e-10
47422 1e-09 9.995e-10
47428 1e-09 9.995e-10
47536 1e-09 9.995e-10
47690 1e-09 9.995e-10
47866 1e-09 9.995e-10
48104 1e-09 9.995e-10
48106 1e-09 9.995e-10
48146 1e-09 9.995e-10
48188 2e-09 1.4128e-09
48192 1e-09 9.995e-10
48458 1e-09 9.995e-10
48494 1e-09 9.995e-10
48616 1e-09 9.995e-10
48778 1e-09 9.995e-10
48860 1e-09 9.995e-10
48928 1e-09 9.995e-10
49238 1e-09 9.995e-10
49280 1e-09 9.995e-10
49282 1e-09 9.995e-10
49310 1e-09 9.995e-10
49328 1e-09 9.995e-10
49424 1e-09 9.995e-10
49480 1e-09 9.995e-10
49608 1e-09 9.995e-10
49792 1e-09 9.995e-10
49898 1e-09 9.995e-10
49976 1e-09 9.995e-10
50138 1e-09 9.995e-10
50390 1e-09 9.995e-10
50460 1e-09 9.995e-10
51032 1e-09 9.995e-10
51206 1e-09 9.995e-10
51320 1e-09 9.995e-10
51422 1e-09 9.995e-10
51452 1e-09 9.995e-10
51498 1e-09 9.995e-10
51520 1e-09 9.995e-10
51552 1e-09 9.995e-10
51570 1e-09 9.995e-10
51800 1e-09 9.995e-10
51942 1e-09 9.995e-10
52006 1e-09 9.995e-10
52160 1e-09 9.995e-10
52232 1e-09 9.995e-10
52380 1e-09 9.995e-10
52412 1e-09 9.995e-10
52474 1e-09 9.995e-10
52918 1e-09 9.995e-10
53188 1e-09 9.995e-10
53292 1e-09 9.995e-10
53356 1e-09 9.995e-10
53412 1e-09 9.995e-10
53478 2e-09 1.4128e-09
53526 1e-09 9.995e-10
53586 1e-09 9.995e-10
53872 1e-09 9.995e-10
53898 1e-09 9.995e-10
53926 1e-09 9.995e-10
53964 1e-09 9.995e-10
54084 1e-09 9.995e-10
54090 1e-09 9.995e-10
54160 1e-09 9.995e-10
54324 1e-09 9.995e-10
54338 1e-09 9.995e-10
54388 1e-09 9.995e-10
54412 1e-09 9.995e-10
54502 1e-09 9.995e-10
54508 1e-09 9.995e-10
54686 1e-09 9.995e-10
54708 1e-09 9.995e-10
54974 1e-09 9.995e-10
54982 1e-09 9.995e-10
55202 1e-09 9.995e-10
55290 1e-09 9.995e-10
55424 1e-09 9.995e-10
55576 1e-09 9.995e-10
55596 1e-09 9.995e-10
55804 1e-09 9.995e-10
56030 1e-09 9.995e-10
56562 1e-09 9.995e-10
56782 1e-09 9.995e-10
56812 1e-09 9.995e-10
56936 1e-09 9.995e-10
56940 1e-09 9.995e-10
57242 1e-09 9.995e-10
57316 1e-09 9.995e-10
57398 1e-09 9.995e-10
57572 1e-09 9.995e-10
57592 1e-09 9.995e-10
57730 1e-09 9.995e-10
57748 1e-09 9.995e-10
57882 1e-09 9.995e-10
58016 1e-09 9.995e-10
58116 1e-09 9.995e-10
58428 1e-09 9.995e-10
58610 1e-09 9.995e-10
58638 1e-09 9.995e-10
58744 1e-09 9.995e-10
59124 1e-09 9.995e-10
59218 1e-09 9.995e-10
59380 1e-09 9.995e-10
59476 1e-09 9.995e-10
59510 1e-09 9.995e-10
59538 1e-09 9.995e-10
59952 1e-09 9.995e-10
60004 1e-09 9.995e-10
60286 2e-09 1.4128e-09
60352 1e-09 9.995e-10
60856 1e-09 9.995e-10
61038 1e-09 9.995e-10
61096 1e-09 9.995e-10
61276 1e-09 9.995e-10
61354 1e-09 9.995e-10
61392 1e-09 9.995e-10
61450 1e-09 9.995e-10
61628 1e-09 9.995e-10
62036 1e-09 9.995e-10
62054 1e-09 9.995e-10
62294 1e-09 9.995e-10
62554 1e-09 9.995e-10
62682 1e-09 9.995e-10
63612 1e-09 9.995e-10
63930 1e-09 9.995e-10
64112 1e-09 9.995e-10
64288 1e-09 9.995e-10
64862 1e-09 9.995e-10
65082 1e-09 9.995e-10
65104 1e-09 9.995e-10
65392 1e-09 9.995e-10
65414 1e-09 9.995e-10
65488 1e-09 9.995e-10
65506 1e-09 9.995e-10
65684 1e-09 9.995e-10
65898 1e-09 9.995e-10
65900 1e-09 9.995e-10
66112 1e-09 9.995e-10
66240 1e-09 9.995e-10
66262 1e-09 9.995e-10
66496 1e-09 9.995e-10
66548 1e-09 9.995e-10
66654 1e-09 9.995e-10
66964 1e-09 9.995e-10
67244 1e-09 9.995e-10
67248 1e-09 9.995e-10
67330 1e-09 9.995e-10
67362 1e-09 9.995e-10
68640 1e-09 9.995e-10
68732 1e-09 9.995e-10
68892 1e-09 9.995e-10
68942 1e-09 9.995e-10
69060 1e-09 9.995e-10
69068 1e-09 9.995e-10
69128 1e-09 9.995e-10
69294 1e-09 9.995e-10
69398 1e-09 9.995e-10
69430 1e-09 9.995e-10
69452 1e-09 9.995e-10
69510 1e-09 9.995e-10
69736 1e-09 9.995e-10
69864 1e-09 9.995e-10
70560 1e-09 9.995e-10
70608 1e-09 9.995e-10
70774 1e-09 9.995e-10
70934 1e-09 9.995e-10
70988 1e-09 9.995e-10
71054 1e-09 9.995e-10
71204 1e-09 9.995e-10
71258 1e-09 9.995e-10
71334 1e-09 9.995e-10
71956 1e-09 9.995e-10
72128 1e-09 9.995e-10
72264 1e-09 9.995e-10
72372 1e-09 9.995e-10
72440 1e-09 9.995e-10
72474 1e-09 9.995e-10
72926 1e-09 9.995e-10
73378 1e-09 9.995e-10
73454 1e-09 9.995e-10
73632 1e-09 9.995e-10
73770 1e-09 9.995e-10
73820 1e-09 9.995e-10
74106 1e-09 9.995e-10
74336 1e-09 9.995e-10
74480 1e-09 9.995e-10
74652 1e-09 9.995e-10
75002 1e-09 9.995e-10
75018 1e-09 9.995e-10
75100 1e-09 9.995e-10
75242 1e-09 9.995e-10
75466 1e-09 9.995e-10
75480 1e-09 9.995e-10
75590 1e-09 9.995e-10
75714 1e-09 9.995e-10
75950 1e-09 9.995e-10
76562 1e-09 9.995e-10
76690 1e-09 9.995e-10
77158 1e-09 9.995e-10
77600 1e-09 9.995e-10
77710 1e-09 9.995e-10
77920 1e-09 9.995e-10
78194 1e-09 9.995e-10
78742 1e-09 9.995e-10
78752 1e-09 9.995e-10
78796 1e-09 9.995e-10
78800 1e-09 9.995e-10
79290 1e-09 9.995e-10
79778 1e-09 9.995e-10
79824 1e-09 9.995e-10
80178 1e-09 9.995e-10
80484 1e-09 9.995e-10
81390 1e-09 9.995e-10
81762 1e-09 9.995e-10
82230 1e-09 9.995e-10
82442 1e-09 9.995e-10
82606 1e-09 9.995e-10
82928 1e-09 9.995e-10
82940 1e-09 9.995e-10
82958 1e-09 9.995e-10
83084 1e-09 9.995e-10
83668 1e-09 9.995e-10
84066 1e-09 9.995e-10
84584 1e-09 9.995e-10
84786 1e-09 9.995e-10
84870 1e-09 9.995e-10
84872 1e-09 9.995e-10
84984 1e-09 9.995e-10
85098 1e-09 9.995e-10
85124 1e-09 9.995e-10
85308 1e-09 9.995e-10
85370 1e-09 9.995e-10
85488 1e-09 9.995e-10
85528 1e-09 9.995e-10
86326 1e-09 9.995e-10
86428 1e-09 9.995e-10
86488 1e-09 9.995e-10
86690 1e-09 9.995e-10
86950 1e-09 9.995e-10
87024 1e-09 9.995e-10
87330 1e-09 9.995e-10
87458 1e-09 9.995e-10
87606 1e-09 9.995e-10
87998 1e-09 9.995e-10
88150 1e-09 9.995e-10
88290 1e-09 9.995e-10
89152 1e-09 9.995e-10
89504 1e-09 9.995e-10
89604 1e-09 9.995e-10
89690 1e-09 9.995e-10
89974 1e-09 9.995e-10
90180 1e-09 9.995e-10
90480 1e-09 9.995e-10
90866 1e-09 9.995e-10
90916 1e-09 9.995e-10
91146 1e-09 9.995e-10
91352 1e-09 9.995e-10
92158 1e-09 9.995e-10
92488 1e-09 9.995e-10
92868 1e-09 9.995e-10
93842 1e-09 9.995e-10
93964 1e-09 9.995e-10
94000 1e-09 9.995e-10
94914 1e-09 9.995e-10
95436 1e-09 9.995e-10
95700 1e-09 9.995e-10
96336 1e-09 9.995e-10
96430 1e-09 9.995e-10
96778 1e-09 9.995e-10
96938 1e-09 9.995e-10
97332 1e-09 9.995e-10
97420 1e-09 9.995e-10
97986 1e-09 9.995e-10
98544 1e-09 9.995e-10
98768 1e-09 9.995e-10
98816 1e-09 9.995e-10
98926 1e-09 9.995e-10
98946 1e-09 9.995e-10
99054 1e-09 9.995e-10
99592 1e-09 9.995e-10
99602 1e-09 9.995e-10
99718 1e-09 9.995e-10
99972 1e-09 9.995e-10
100102 1e-09 9.995e-10
101494 1e-09 9.995e-10
102348 1e-09 9.995e-10
102740 1e-09 9.995e-10
102762 1e-09 9.995e-10
103478 1e-09 9.995e-10
104372 1e-09 9.995e-10
104534 1e-09 9.995e-10
104558 1e-09 9.995e-10
104888 1e-09 9.995e-10
105372 1e-09 9.995e-10
105418 1e-09 9.995e-10
105488 1e-09 9.995e-10
105768 1e-09 9.995e-10
106158 1e-09 9.995e-10
106284 1e-09 9.995e-10
107666 1e-09 9.995e-10
108044 1e-09 9.995e-10
108194 1e-09 9.995e-10
108464 1e-09 9.995e-10
109242 1e-09 9.995e-10
109396 1e-09 9.995e-10
109778 1e-09 9.995e-10
110030 1e-09 9.995e-10
110320 1e-09 9.995e-10
110550 1e-09 9.995e-10
111846 1e-09 9.995e-10
112268 1e-09 9.995e-10
112622 1e-09 9.995e-10
113020 1e-09 9.995e-10
113232 1e-09 9.995e-10
113582 2e-09 1.4128e-09
114826 1e-09 9.995e-10
115326 1e-09 9.995e-10
115616 1e-09 9.995e-10
116146 1e-09 9.995e-10
117338 1e-09 9.995e-10
117566 1e-09 9.995e-10
117996 1e-09 9.995e-10
118782 1e-09 9.995e-10
118886 1e-09 9.995e-10
119740 1e-09 9.995e-10
119786 1e-09 9.995e-10
120396 1e-09 9.995e-10
120502 1e-09 9.995e-10
120838 1e-09 9.995e-10
121752 1e-09 9.995e-10
122494 1e-09 9.995e-10
122546 1e-09 9.995e-10
123682 1e-09 9.995e-10
124204 1e-09 9.995e-10
124310 1e-09 9.995e-10
124542 1e-09 9.995e-10
124720 1e-09 9.995e-10
125484 1e-09 9.995e-10
125516 1e-09 9.995e-10
125530 1e-09 9.995e-10
126408 1e-09 9.995e-10
126738 1e-09 9.995e-10
127158 1e-09 9.995e-10
127450 1e-09 9.995e-10
128292 1e-09 9.995e-10
128948 1e-09 9.995e-10
129358 1e-09 9.995e-10
130006 1e-09 9.995e-10
130152 1e-09 9.995e-10
131074 1e-09 9.995e-10
131242 1e-09 9.995e-10
131562 1e-09 9.995e-10
131856 1e-09 9.995e-10
132928 1e-09 9.995e-10
133228 1e-09 9.995e-10
133912 1e-09 9.995e-10
134602 1e-09 9.995e-10
135182 1e-09 9.995e-10
135314 1e-09 9.995e-10
135462 1e-09 9.995e-10
135776 1e-09 9.995e-10
136352 1e-09 9.995e-10
136534 1e-09 9.995e-10
137452 1e-09 9.995e-10
138536 1e-09 9.995e-10
138924 1e-09 9.995e-10
138934 1e-09 9.995e-10
139746 1e-09 9.995e-10
140362 1e-09 9.995e-10
142238 1e-09 9.995e-10
145392 1e-09 9.995e-10
145776 1e-09 9.995e-10
146634 1e-09 9.995e-10
147098 1e-09 9.995e-10
147384 1e-09 9.995e-10
147952 1e-09 9.995e-10
147986 1e-09 9.995e-10
149404 1e-09 9.995e-10
150488 1e-09 9.995e-10
152032 1e-09 9.995e-10
153590 1e-09 9.995e-10
156858 1e-09 9.995e-10
156902 1e-09 9.995e-10
157250 1e-09 9.995e-10
157280 1e-09 9.995e-10
157998 1e-09 9.995e-10
158692 1e-09 9.995e-10
159112 1e-09 9.995e-10
164206 1e-09 9.995e-10
165104 1e-09 9.995e-10
165136 1e-09 9.995e-10
166294 1e-09 9.995e-10
166340 1e-09 9.995e-10
166558 1e-09 9.995e-10
167212 1e-09 9.995e-10
167516 1e-09 9.995e-10
168546 1e-09 9.995e-10
168766 1e-09 9.995e-10
169072 1e-09 9.995e-10
169298 1e-09 9.995e-10
170846 1e-09 9.995e-10
170980 1e-09 9.995e-10
172420 1e-09 9.995e-10
172696 1e-09 9.995e-10
173096 1e-09 9.995e-10
175634 1e-09 9.995e-10
175890 1e-09 9.995e-10
177510 1e-09 9.995e-10
178090 1e-09 9.995e-10
178690 1e-09 9.995e-10
179248 1e-09 9.995e-10
179376 1e-09 9.995e-10
180464 1e-09 9.995e-10
180748 1e-09 9.995e-10
181892 1e-09 9.995e-10
184630 1e-09 9.995e-10
187422 1e-09 9.995e-10
187534 1e-09 9.995e-10
190340 1e-09 9.995e-10
193426 1e-09 9.995e-10
193700 1e-09 9.995e-10
194484 1e-09 9.995e-10
195788 1e-09 9.995e-10
197922 1e-09 9.995e-10
201276 1e-09 9.995e-10
201978 1e-09 9.995e-10
203132 1e-09 9.995e-10
203146 1e-09 9.995e-10
203536 1e-09 9.995e-10
203798 1e-09 9.995e-10
205066 1e-09 9.995e-10
207942 1e-09 9.995e-10
208000 1e-09 9.995e-10
209518 1e-09 9.995e-10
211644 1e-09 9.995e-10
216132 1e-09 9.995e-10
216430 1e-09 9.995e-10
218244 1e-09 9.995e-10
218548 1e-09 9.995e-10
219624 1e-09 9.995e-10
220080 1e-09 9.995e-10
223354 1e-09 9.995e-10
223422 1e-09 9.995e-10
224828 1e-09 9.995e-10
225218 1e-09 9.995e-10
227192 1e-09 9.995e-10
229244 1e-09 9.995e-10
229428 1e-09 9.995e-10
229638 1e-09 9.995e-10
231102 1e-09 9.995e-10
231328 1e-09 9.995e-10
239420 1e-09 9.995e-10
239430 1e-09 9.995e-10
241480 1e-09 9.995e-10
254216 1e-09 9.995e-10
257816 1e-09 9.995e-10
257952 1e-09 9.995e-10
258388 1e-09 9.995e-10
259458 1e-09 9.995e-10
259908 1e-09 9.995e-10
260162 1e-09 9.995e-10
262256 1e-09 9.995e-10
262964 1e-09 9.995e-10
263682 1e-09 9.995e-10
264162 1e-09 9.995e-10
265166 1e-09 9.995e-10
266672 1e-09 9.995e-10
272274 1e-09 9.995e-10
274294 1e-09 9.995e-10
276824 1e-09 9.995e-10
277614 1e-09 9.995e-10
296574 1e-09 9.995e-10
296792 1e-09 9.995e-10
299924 1e-09 9.995e-10
305396 1e-09 9.995e-10
309388 1e-09 9.995e-10
311460 1e-09 9.995e-10
328394 1e-09 9.995e-10
329880 1e-09 9.995e-10
339238 1e-09 9.995e-10
343040 1e-09 9.995e-10
344874 1e-09 9.995e-10
348394 1e-09 9.995e-10
351058 1e-09 9.995e-10
352368 1e-09 9.995e-10
353518 1e-09 9.995e-10
355582 1e-09 9.995e-10
373534 1e-09 9.995e-10
383966 1e-09 9.995e-10
394090 1e-09 9.995e-10
395274 1e-09 9.995e-10
428792 1e-09 9.995e-10
436788 1e-09 9.995e-10
449650 1e-09 9.995e-10
461758 1e-09 9.995e-10
490888 1e-09 9.995e-10
545460 1e-09 9.995e-10
