000100101000011110 113
000100101000100111 96
000100101001001011 102
000100101001010101 107
000100101001011001 113
000100101001011010 97
000100101001011100 92
000100101001100011 93
000100101001100101 95
000100101010000111 96
000100101010001011 103
000100101010001110 93
000100101100000111 93
000100101100010101 100
000100101100010110 113
000100110001011010 97
000100110001100011 106
000100110001101010 87
000100110100010110 112
000100110100011010 104
000100110100100011 93
000100110100100110 83
000100111000010110 92
000100111000011010 89
000100111000100011 103
000100111000100110 99
000100111001000011 99
000100111001001010 106
000100111001010001 113
000100111001010010 93
000100111001010100 119
000100111001011000 100
000100111001100001 81
000100111001100010 104
000100111010000011 94
000100111010000110 98
000100111010001010 117
000100111100000011 102
000100111100000110 135
000100111100010010 94
000100111100010100 114
000101001001011100 105
000101001001100101 108
000101001001110100 92
000101001010001110 93
000101001010011100 105
000101001010100101 96
000101001010100110 103
000101010001101010 72
000101010001110100 114
000101010001111000 94
000101010010100110 102
000101010010101010 95
000101010100100110 95
000101010100110100 86
000101011000100110 107
000101011000110100 104
000101011001010100 114
000101011001011000 86
000101011001100001 115
000101011001100010 98
000101011001100100 96
000101011001110000 95
000101011010000110 102
000101011010001010 114
000101011010010100 93
000101011010100010 93
000101011010100100 90
000101011100010100 98
000101101000001110 98
000101101000011100 88
000101101000100101 100
000101101000100110 104
000101101001000101 76
000101101001001001 105
000101101001001010 96
000101101001001100 112
000101101001010100 110
000101101001011000 81
000101101001100001 106
000101101001100100 103
000101101010000101 85
000101101010000110 96
000101101010001010 88
000101101010001100 112
000101101100000101 121
000101101100000110 99
000101101100010100 95
000101110000100110 97
000101110000101010 95
000101110001001010 96
000101110001011000 94
000101110001100001 106
000101110001100010 102
000101110001100100 89
000101110001101000 108
000101110010001010 81
000101110100000110 102
000101110100001010 107
000101110100010100 95
000101110100100010 106
000101110100100100 102
000101111000000110 86
000101111000001010 94
000101111000010100 75
000101111000100010 93
000101111000100100 87
000101111001000001 91
000101111001000010 103
000101111001000100 99
000101111001001000 111
000101111001010000 93
000101111001100000 95
000101111010000010 101
000101111010000100 102
000101111100000010 92
000101111100000100 102
000110000000111110 84
000110000001101011 115
000110000001110101 100
000110000001111001 106
000110000001111010 111
000110000001111100 88
000110000010011110 104
000110000010100111 106
000110000010101011 102
000110000010101110 101
000110000100011110 93
000110000100100111 102
000110000100110101 119
000110000100110110 101
000110001000011110 93
000110001000100111 97
000110001000110101 89
000110001000110110 106
000110001001010101 103
000110001001011001 109
000110001001011010 92
000110001001011100 98
000110001001100011 84
000110001001100101 91
000110001001110001 73
000110001001110100 84
000110001010000111 106
000110001010001011 94
000110001010001110 99
000110001010010101 88
000110001010010110 103
000110001010011010 95
000110001010011100 85
000110001010100011 105
000110001010100101 113
000110001010100110 107
000110001100010101 115
000110001100010110 101
000110010000110110 105
000110010000111010 88
000110010001011010 102
000110010001100011 98
000110010001101010 108
000110010001110001 99
000110010001110010 111
000110010001110100 100
000110010001111000 90
000110010010011010 106
000110010010100011 102
000110010010100110 104
000110010010101010 105
000110010100010110 99
000110010100011010 99
000110010100100011 100
000110010100100110 111
000110010100110010 97
000110010100110100 93
000110100000011110 94
000110100000100111 108
000110100000101011 105
000110100000101110 91
000110100001001011 90
000110100001011001 96
000110100001011010 118
000110100001011100 98
000110100001100011 100
000110100001100101 118
000110100001101001 109
000110100001101010 97
000110100010001011 119
000110100010001110 94
000110100100000111 122
000110100100001011 111
000110100100001110 88
000110100100010101 93
000110100100010110 83
000110100100011010 93
000110100100011100 112
000110100100100011 97
000110100100100101 84
000110100100100110 108
000110101000000111 96
000110101000001011 85
000110101000001110 86
000110101000010101 94
000110101000010110 85
000110101000011010 113
000110101000011100 90
000110101000100011 104
000110101000100101 107
000110101000100110 102
000110101001000011 98
000110101001000101 105
000110101001001001 113
000110101001001010 103
000110101001010001 89
000110101001010100 115
000110101001011000 108
000110101001100001 98
000110101010000011 105
000110101010000101 94
000110101010000110 101
000110101010001010 102
000110101100000011 94
000110101100000101 93
000110101100000110 109
000110101100010100 120
000110110000011010 112
000110110000100011 102
000110110000100110 92
000110110000101010 86
000110110001001010 90
000110110001011000 104
000110110001100001 129
000110110001100010 97
000110110010001010 111
000110110100000011 86
000110110100000110 100
000110110100001010 102
000110110100010010 106
000110110100010100 105
000110110100100010 116
000111000000101110 97
000111000000111100 97
000111000001011100 97
000111000001100101 104
000111000001101001 105
000111000001101010 110
000111000001101100 98
000111000001110100 97
000111000001111000 98
000111000010001110 99
000111000010011100 96
000111000010100101 112
000111000010100110 111
000111000010101010 105
000111000010101100 86
000111000100011100 112
000111000100100101 112
000111000100100110 97
000111000100110100 127
000111001000011100 100
000111001000100101 89
000111001000100110 98
000111001000110100 82
000111001001010100 104
000111001001011000 94
000111001001100001 87
000111001001100100 99
000111001010000101 90
000111001010000110 89
000111001010001010 99
000111001010001100 111
000111001010010100 123
000111001010100100 93
000111001100010100 100
000111010000100110 109
000111010000101010 93
000111010000110100 111
000111010001011000 90
000111010001100001 84
000111010001100010 91
000111010001100100 93
000111010001101000 98
000111010001110000 99
000111010010001010 119
000111010010100010 88
000111010010100100 88
000111010100010100 108
000111010100100010 103
000111010100100100 104
001000101001011001 100
001000101010001011 116
001000101011001001 100
001000101100010101 88
001000101101010001 113
001000101110000011 90
001000101110000101 99
001000110100011010 92
001000110100100011 105
001000110101010001 94
001000110101011000 113
001000110101100001 98
001000110110000011 96
001000110110001010 95
001000111001010001 98
001000111001011000 88
001000111001100001 108
001000111010000011 94
001000111010001010 99
001000111011000001 118
001000111100000011 73
001000111100010001 105
001000111100010010 90
001000111100010100 100
001000111101000001 101
001000111101010000 92
001000111110000001 107
001000111110000010 102
001001001010011100 106
001001001010100101 103
001001001011001001 86
001001001011011000 98
001001001011100001 103
001001001110000101 99
001001001110010100 82
001001010001111000 87
001001010010101010 106
001001010011011000 98
001001010011100001 104
001001010011101000 88
001001010100110100 101
001001010101011000 96
001001010101100001 110
001001010101110000 93
001001010110001010 103
001001010110010100 103
001001010110011000 107
001001010110100001 100
001001010110100010 99
001001010110100100 100
001001011001011000 83
001001011001100001 84
001001011001110000 90
001001011010001010 98
001001011010010100 89
001001011010011000 105
001001011010100001 99
001001011010100010 111
001001011010100100 110
001001011011000001 109
001001011011001000 89
001001011011010000 103
001001011011100000 91
001001011100010100 120
001001011101010000 95
001001011110000001 131
001001011110000010 93
001001011110000100 111
001001011110010000 110
001001101001001001 106
001001101001011000 111
001001101001100001 115
001001101010000101 107
001001101010001001 96
001001101010001010 88
001001101010001100 97
001001101011000001 80
001001101011001000 115
001001101100000101 116
001001101100010100 83
001001101101000001 118
001001101110000001 97
001001101110000100 103
001001110001011000 113
001001110001100001 111
001001110001101000 101
001001110010001010 111
001001110011001000 109
001001110100001010 97
001001110100010100 116
001001110100011000 100
001001110100100001 91
001001110100100010 93
001001110100100100 101
001001110101000001 90
001001110101001000 112
001001110101010000 106
001001110101100000 106
001001110110000001 102
001001110110000010 110
001001110110000100 113
001001110110001000 91
001001111001000001 105
001001111001001000 104
001001111001010000 108
001001111001100000 98
001001111010000001 95
001001111010000010 89
001001111010000100 84
001001111010001000 89
001001111011000000 78
001001111100000001 94
001001111100000010 94
001001111100000100 93
001001111100010000 95
001001111101000000 91
001001111110000000 100
001010000001111001 107
001010000010101011 106
001010000011011001 97
001010000011101001 95
001010000100110101 99
001010000101011001 94
001010000101110001 96
001010000110001011 93
001010000110010101 84
001010000110011001 85
001010000110011010 92
001010000110011100 99
001010000110100011 112
001010000110100101 96
001010001001011001 92
001010001001110001 108
001010001010001011 94
001010001010010101 111
001010001010011001 108
001010001010011010 91
001010001010011100 97
001010001010100011 102
001010001010100101 93
001010001011001001 110
001010001011010001 99
001010001011011000 121
001010001011100001 90
001010001100010101 80
001010001101010001 103
001010001110000011 109
001010001110000101 87
001010001110010001 100
001010001110010100 119
001010010001110001 104
001010010001111000 87
001010010010011010 95
001010010010100011 118
001010010010101010 96
001010010011011000 85
001010010011100001 106
001010010100011010 99
001010010100100011 95
001010010100110001 96
001010010100110010 92
001010010100110100 104
001010010101010001 106
001010010101011000 94
001010010101100001 91
001010010101110000 102
001010010110000011 105
001010010110001010 117
001010010110010001 100
001010010110010010 100
001010010110010100 91
001010010110011000 86
001010010110100001 105
001010010110100010 103
001010100001011001 106
001010100001101001 111
001010100010001011 110
001010100011001001 93
001010100100001011 118
001010100100010101 108
001010100100011001 106
001010100100011010 103
001010100100011100 99
001010100100100011 104
001010100100100101 112
001010100101001001 118
001010100101010001 105
001010100101011000 99
001010100101100001 109
001010100110000011 109
001010100110000101 96
001010100110001001 87
001010100110001010 94
001010101001001001 103
001010101001010001 84
001010101001011000 112
001010101001100001 113
001010101010000011 88
001010101010000101 101
001010101010001001 90
001010101010001010 103
001010101011000001 107
001010101100000011 102
001010101100000101 115
001010101100010001 123
001010101100010100 83
001010101101000001 116
001010101110000001 115
001010110001011000 85
001010110001100001 97
001010110010001010 104
001010110100000011 102
001010110100001010 98
001010110100010001 101
001010110100010010 103
001010110100010100 93
001010110100011000 84
001010110100100001 97
001010110100100010 121
001010110101000001 101
001010110101010000 97
001010110110000001 88
001010110110000010 91
001011000001101001 115
001011000001111000 100
001011000010011100 100
001011000010100101 85
001011000010101001 89
001011000010101010 95
001011000010101100 115
001011000011001001 96
001011000011011000 112
001011000011100001 100
001011000011101000 105
001011000100011100 99
001011000100100101 99
001011000100110100 93
001011000101011000 97
001011000101100001 88
001011000110000101 100
001011000110001001 111
001011000110001010 110
001011000110001100 98
001011000110010100 100
001011000110011000 89
001011000110100001 98
001011000110100100 87
001011001001011000 112
001011001001100001 96
001011001010000101 102
001011001010001001 101
001011001010001010 86
001011001010001100 87
001011001010010100 105
001011001010011000 92
001011001010100001 100
001011001010100100 90
001011001011000001 97
001011001011001000 100
001011001100010100 105
001011001110000001 92
001011001110000100 103
001011010001011000 114
001011010001100001 95
001011010001101000 105
001011010001110000 100
001011010010001010 105
001011010010011000 111
001011010010100001 92
001011010010100010 109
001011010010100100 105
001011010010101000 102
001011010011001000 111
001011010011100000 98
001011010100010100 129
001011010100011000 118
001011010100100001 106
001011010100100010 96
001011010100100100 106
001011010100110000 107
001011010101010000 101
001011010101100000 100
001011010110000001 95
001011010110000010 75
001011010110000100 98
001011010110001000 97
001011010110010000 89
001011010110100000 97
001100101000001011 91
001100101000010101 91
001100101000011001 87
001100101000011010 90
001100101000011100 90
001100101000100011 109
001100101000100101 105
001100101001001001 94
001100101001010001 96
001100101001011000 116
001100101001100001 94
001100101010000011 97
001100101010000101 91
001100101010001001 108
001100101010001010 100
001100101100000011 108
001100101100000101 96
001100101100010001 116
001100101100010100 93
001100110000011010 105
001100110000100011 101
001100110000101010 102
001100110001011000 120
001100110001100001 96
001100110010001010 101
001100110100000011 114
001100110100001010 98
001100110100010001 95
001100110100010010 98
001100110100010100 87
001100110100011000 72
001100110100100001 103
001100110100100010 106
001100111000000011 110
001100111000001010 98
001100111000010001 97
001100111000010010 101
001100111000010100 99
001100111000011000 89
001100111000100001 106
001100111000100010 106
001100111001000001 117
001100111001010000 110
001100111010000001 104
001100111010000010 97
001100111100000001 79
001100111100000010 105
001100111100010000 101
001101001000011100 99
001101001000100101 79
001101001000110100 89
001101001001011000 112
001101001001100001 93
001101001010000101 88
001101001010001001 107
001101001010001010 109
001101001010001100 92
001101001010010100 77
001101001010011000 96
001101001010100001 109
001101001010100100 100
001101001100010100 97
001101010000101010 93
001101010000110100 87
001101010000111000 88
001101010001011000 105
001101010001100001 92
001101010001101000 113
001101010001110000 84
001101010010001010 104
001101010010011000 98
001101010010100001 99
001101010010100010 93
001101010010100100 114
001101010010101000 98
001101010100010100 108
001101010100011000 88
001101010100100001 83
001101010100100010 85
001101010100100100 101
001101010100110000 98
001101011000010100 101
001101011000011000 89
001101011000100001 112
001101011000100010 93
001101011000100100 101
001101011000110000 87
001101011001010000 121
001101011001100000 103
001101011010000001 106
001101011010000010 79
001101011010000100 93
001101011010001000 130
001101011010010000 95
001101011010100000 107
001101011100010000 109
001101101000000101 122
001101101000001001 92
001101101000001010 110
001101101000001100 94
001101101000010100 107
001101101000011000 109
001101101000100001 97
001101101000100100 125
001101101001000001 97
001101101001001000 101
001101101010000001 106
001101101010000100 103
001101101010001000 96
001101101100000001 101
001101101100000100 100
001101110000001010 106
001101110000011000 103
001101110000100001 81
001101110000100010 98
001101110000100100 91
001101110000101000 78
001101110001001000 115
001101110001100000 113
001101110010001000 96
001101110100000001 102
001101110100000010 99
001101110100000100 117
001101110100001000 97
001101110100010000 104
001101110100100000 110
001101111000000001 105
001101111000000010 100
001101111000000100 108
001101111000001000 102
001101111000010000 94
001101111000100000 100
001101111001000000 96
001101111010000000 103
001101111100000000 115
001110000000101011 94
001110000000110101 70
001110000000111001 97
001110000000111010 102
001110000000111100 100
001110000001011001 91
001110000001101001 103
001110000001110001 97
001110000001111000 94
001110000010001011 91
001110000010011001 105
001110000010011010 116
001110000010011100 108
001110000010100011 82
001110000010100101 110
001110000010101001 113
001110000010101010 124
001110000100010101 107
001110000100011001 108
001110000100011010 94
001110000100011100 104
001110000100100011 122
001110000100100101 102
001110000100110001 110
001110000100110100 100
001110001000010101 109
001110001000011001 110
001110001000011010 122
001110001000011100 92
001110001000100011 95
001110001000100101 112
001110001000110001 97
001110001000110100 87
001110001001010001 76
001110001001011000 106
001110001001100001 97
001110001010000011 89
001110001010000101 101
001110001010001001 105
001110001010001010 97
001110001010010001 95
001110001010010100 104
001110001010011000 87
001110001010100001 99
001110001100010001 92
001110001100010100 98
001110010000011010 85
001110010000100011 92
001110010000101010 116
001110010000110001 106
001110010000110010 92
001110010000110100 101
001110010000111000 96
001110010001011000 119
001110010001100001 109
001110010001110000 93
001110010010001010 107
001110010010011000 109
001110010010100001 91
001110010010100010 119
001110010100010001 119
001110010100010010 105
001110010100010100 105
001110010100011000 80
001110010100100001 91
001110010100100010 108
001110010100110000 78
001110100000001011 103
001110100000011001 101
001110100000011010 108
001110100000011100 98
001110100000100011 93
001110100000100101 111
001110100000101001 116
001110100000101010 84
001110100001001001 88
001110100001011000 97
001110100001100001 96
001110100010001001 96
001110100010001010 88
001110100100000011 115
001110100100000101 98
001110100100001001 113
001110100100001010 80
001110100100010001 83
001110100100010100 110
001110100100011000 107
001110100100100001 74
001110101000000011 90
001110101000000101 94
001110101000001001 105
001110101000001010 94
001110101000010001 88
001110101000010100 102
001110101000011000 106
001110101000100001 102
001110101001000001 118
001110101010000001 90
001110101100000001 101
001110110000001010 98
001110110000011000 99
001110110000100001 105
001110110000100010 66
001110110100000001 96
001110110100000010 94
001110110100010000 91
001111000000011100 96
001111000000100101 107
001111000000101001 107
001111000000101010 98
001111000000101100 98
001111000000110100 97
001111000000111000 109
001111000001011000 106
001111000001100001 109
001111000001101000 92
001111000010001001 95
001111000010001010 102
001111000010001100 97
001111000010011000 101
001111000010100001 88
001111000010100100 86
001111000010101000 90
001111000100010100 91
001111000100011000 113
001111000100100001 115
001111000100100100 75
001111001000010100 107
001111001000011000 104
001111001000100001 111
001111001000100100 107
001111001010000001 105
001111001010000100 107
001111001010001000 109
001111010000011000 106
001111010000100001 108
001111010000100010 117
001111010000100100 104
001111010000101000 98
001111010000110000 100
001111010001100000 110
001111010010001000 109
001111010010100000 103
001111010100010000 126
001111010100100000 101
010000001001110101 104
010000001010011110 96
010000001010100111 116
010000001011001011 112
010000001011010101 103
010000001011011001 97
010000001011011010 115
010000001011011100 90
010000001011100011 118
010000001011100101 95
010000001101010101 101
010000001110000111 98
010000001110010101 112
010000001110010110 106
010000010001111010 110
010000010011011010 121
010000010011100011 107
010000010011101010 82
010000010100110110 101
010000010101011010 95
010000010101100011 95
010000010101110001 85
010000010101110010 98
010000010101110100 79
010000010110010110 102
010000010110011010 89
010000010110100011 107
010000010110100110 98
010000011001011010 112
010000011001100011 107
010000011001110001 104
010000011001110010 104
010000011001110100 111
010000011010010110 82
010000011010011010 99
010000011010100011 94
010000011010100110 113
010000011011000011 98
010000011011001010 101
010000011011010001 96
010000011011010010 90
010000011011010100 98
010000011011011000 104
010000011011100001 88
010000011011100010 96
010000011100010110 110
010000011101010001 84
010000011101010010 102
010000011101010100 101
010000011110000011 99
010000011110000110 101
010000011110010010 112
010000011110010100 97
010000101001001011 97
010000101001010101 80
010000101001011001 116
010000101001011010 106
010000101001011100 89
010000101001100011 99
010000101001100101 100
010000101010000111 88
010000101010001011 114
010000101010001110 104
010000101011000011 99
010000101011000101 101
010000101011001001 101
010000101011001010 107
010000101100000111 95
010000101100010101 105
010000101100010110 112
010000101101000011 101
010000101101000101 103
010000101101010001 82
010000101101010100 90
010000101110000011 101
010000101110000101 84
010000101110000110 116
010000110001011010 114
010000110001100011 106
010000110001101010 114
010000110011001010 111
010000110100010110 93
010000110100011010 100
010000110100100011 105
010000110100100110 94
010000110101000011 97
010000110101001010 95
010000110101010001 100
010000110101010010 113
010000110101010100 104
010000110101011000 90
010000110101100001 111
010000110101100010 106
010000110110000011 86
010000110110000110 97
010000110110001010 103
010000111001000011 101
010000111001001010 94
010000111001010001 95
010000111001010010 97
010000111001010100 97
010000111001011000 94
010000111001100001 103
010000111001100010 115
010000111010000011 114
010000111010000110 110
010000111010001010 120
010000111011000001 115
010000111011000010 81
010000111100000011 102
010000111100000110 113
010000111100010010 126
010000111100010100 94
010000111101000001 107
010000111101000010 103
010000111101010000 95
010000111110000010 100
010001001001011100 108
010001001001100101 115
010001001001110100 103
010001001010001110 124
010001001010011100 97
010001001010100101 102
010001001010100110 112
010001001011000101 106
010001001011001001 105
010001001011001010 74
010001001011001100 112
010001001011010100 118
010001001011011000 105
010001001011100001 106
010001001011100100 114
010001001101010100 107
010001001110000101 112
010001001110000110 102
010001001110010100 102
010001010001101010 100
010001010001110100 99
010001010001111000 111
010001010010100110 116
010001010010101010 99
010001010011001010 98
010001010011011000 113
010001010011100001 87
010001010011100010 100
010001010011100100 99
010001010011101000 126
010001010100100110 96
010001010100110100 112
010001010101010100 112
010001010101011000 101
010001010101100001 95
010001010101100010 82
010001010101100100 88
010001010101110000 111
010001010110000110 119
010001010110001010 103
010001010110010100 74
010001010110100010 98
010001010110100100 94
010001011001010100 90
010001011001011000 85
010001011001100001 99
010001011001100010 106
010001011001100100 113
010001011001110000 93
010001011010000110 93
010001011010001010 109
010001011010010100 116
010001011010100010 104
010001011010100100 111
010001011011000001 80
010001011011000010 93
010001011011000100 101
010001011011001000 104
010001011011010000 94
010001011011100000 120
010001011100010100 108
010001011101010000 87
010001011110000010 119
010001011110000100 103
010010000001101011 105
010010000001110101 103
010010000001111001 103
010010000001111010 96
010010000001111100 105
010010000010011110 97
010010000010100111 90
010010000010101011 98
010010000010101110 87
010010000011001011 92
010010000011011001 93
010010000011011010 116
010010000011011100 118
010010000011100011 97
010010000011100101 98
010010000011101001 89
010010000011101010 98
010010000100011110 101
010010000100100111 95
010010000100110101 116
010010000100110110 100
010010000101010101 99
010010000101011001 115
010010000101011010 103
010010000101011100 92
010010000101100011 110
010010000101100101 81
010010000101110001 94
010010000101110100 110
010010000110000111 89
010010000110001011 97
010010000110001110 102
010010000110010101 126
010010000110010110 90
010010000110011010 122
010010000110011100 74
010010000110100011 131
010010000110100101 103
010010000110100110 116
010010001001010101 125
010010001001011001 84
010010001001011010 107
010010001001011100 84
010010001001100011 110
010010001001100101 94
010010001001110001 93
010010001001110100 79
010010001010000111 108
010010001010001011 97
010010001010001110 104
010010001010010101 89
010010001010010110 104
010010001010011010 108
010010001010011100 80
010010001010100011 113
010010001010100101 94
010010001010100110 96
010010001011000011 90
010010001011000101 93
010010001011001001 105
010010001011001010 102
010010001011010001 101
010010001011010100 100
010010001011011000 85
010010001011100001 99
010010001100010101 90
010010001100010110 90
010010001101010001 102
010010001101010100 123
010010001110000011 95
010010001110000101 102
010010001110000110 100
010010001110010100 98
010010010001011010 101
010010010001100011 102
010010010001101010 116
010010010001110001 96
010010010001110010 92
010010010001110100 97
010010010001111000 124
010010010010011010 127
010010010010100011 111
010010010010100110 100
010010010010101010 111
010010010011001010 85
010010010011011000 117
010010010011100001 95
010010010011100010 93
010010010100010110 98
010010010100011010 82
010010010100100011 93
010010010100100110 91
010010010100110010 102
010010010100110100 96
010010010101010001 99
010010010101010010 99
010010010101010100 110
010010010101011000 92
010010010101100001 98
010010010101100010 108
010010010101110000 92
010010010110000011 106
010010010110000110 95
010010010110001010 96
010010010110010010 99
010010010110010100 98
010010010110100010 108
010100001000011110 100
010100001000100111 99
010100001000110101 99
010100001000110110 81
010100001001010101 95
010100001001011001 96
010100001001011010 97
010100001001011100 101
010100001001100011 101
010100001001100101 108
010100001001110001 112
010100001001110100 108
010100001010000111 105
010100001010001011 95
010100001010001110 113
010100001010010101 122
010100001010010110 114
010100001010011010 95
010100001010011100 99
010100001010100011 90
010100001010100101 103
010100001010100110 102
010100001100010101 108
010100001100010110 98
010100010000110110 77
010100010000111010 90
010100010001011010 94
010100010001100011 92
010100010001101010 102
010100010001110001 87
010100010001110010 99
010100010001110100 103
010100010001111000 111
010100010010011010 98
010100010010100011 105
010100010010100110 105
010100010010101010 100
010100010100010110 91
010100010100011010 107
010100010100100011 99
010100010100100110 108
010100010100110010 88
010100010100110100 94
010100011000010110 105
010100011000011010 98
010100011000100011 104
010100011000100110 99
010100011000110010 92
010100011000110100 99
010100011001010001 90
010100011001010010 98
010100011001010100 113
010100011001011000 128
010100011001100001 99
010100011001100010 112
010100011001110000 111
010100011010000011 94
010100011010000110 104
010100011010001010 94
010100011010010010 98
010100011010010100 113
010100011010100010 98
010100011100010010 98
010100011100010100 89
010100101000000111 106
010100101000001011 112
010100101000001110 101
010100101000010101 91
010100101000010110 87
010100101000011010 109
010100101000011100 94
010100101000100011 93
010100101000100101 97
010100101000100110 91
010100101001000011 105
010100101001000101 84
010100101001001001 103
010100101001001010 95
010100101001010001 95
010100101001010100 94
010100101001011000 88
010100101001100001 99
010100101010000011 99
010100101010000101 103
010100101010000110 81
010100101010001010 85
010100101100000011 100
010100101100000101 97
010100101100000110 90
010100101100010100 111
010100110000011010 102
010100110000100011 102
010100110000100110 91
010100110000101010 101
010100110001001010 88
010100110001011000 98
010100110001100001 81
010100110001100010 109
010100110010001010 122
010100110100000011 120
010100110100000110 94
010100110100001010 96
010100110100010010 92
010100110100010100 98
010100110100100010 81
010100111000000011 107
010100111000000110 97
010100111000001010 84
010100111000010010 88
010100111000010100 111
010100111000100010 99
010100111001000001 101
010100111001000010 111
010100111001010000 96
010100111010000010 101
010100111100000010 92
010101001000011100 106
010101001000100101 95
010101001000100110 97
010101001000110100 113
010101001001010100 99
010101001001011000 109
010101001001100001 97
010101001001100100 98
010101001010000101 122
010101001010000110 99
010101001010001010 107
010101001010001100 87
010101001010010100 86
010101001010100100 100
010101001100010100 111
010101010000100110 85
010101010000101010 98
010101010000110100 94
010101010001011000 107
010101010001100001 106
010101010001100010 103
010101010001100100 101
010101010001101000 115
010101010001110000 96
010101010010001010 94
010101010010100010 86
010101010010100100 91
010101010100010100 100
010101010100100010 97
010101010100100100 113
010101011000010100 109
010101011000100010 112
010101011000100100 82
010101011001010000 90
010101011001100000 105
010101011010000010 96
010101011010000100 97
010110000000011110 99
010110000000100111 104
010110000000101011 94
010110000000101110 109
010110000000110101 109
010110000000110110 109
010110000000111010 111
010110000000111100 89
010110000001011001 96
010110000001011010 111
010110000001011100 99
010110000001100011 95
010110000001100101 103
010110000001101001 94
010110000001101010 93
010110000001110001 96
010110000001110100 92
010110000001111000 115
010110000010001011 111
010110000010001110 92
010110000010011010 92
010110000010011100 107
010110000010100011 106
010110000010100101 118
010110000010100110 93
010110000010101010 101
010110000100010101 98
010110000100010110 107
010110000100011010 88
010110000100011100 85
010110000100100011 103
010110000100100101 87
010110000100100110 95
010110000100110100 101
010110001000010101 93
010110001000010110 115
010110001000011010 102
010110001000011100 113
010110001000100011 101
010110001000100101 91
010110001000100110 107
010110001000110100 102
010110001001010001 98
010110001001010100 94
010110001001011000 90
010110001001100001 98
010110001010000011 94
010110001010000101 104
010110001010000110 129
010110001010001010 99
010110001010010100 94
010110001100010100 105
010110010000011010 93
010110010000100011 108
010110010000100110 103
010110010000101010 96
010110010000110010 102
010110010000110100 107
010110010001011000 100
010110010001100001 76
010110010001100010 96
010110010001110000 110
010110010010001010 113
010110010010100010 94
010110010100010010 103
010110010100010100 114
010110010100100010 83
011000001001011001 89
011000001001110001 97
011000001010001011 97
011000001010010101 90
011000001010011001 102
011000001010011010 82
011000001010011100 77
011000001010100011 87
011000001010100101 110
011000001011001001 107
011000001011010001 86
011000001011011000 97
011000001011100001 106
011000001100010101 83
011000001101010001 100
011000001110000011 108
011000001110000101 84
011000001110010001 125
011000001110010100 87
011000010001110001 101
011000010001111000 90
011000010010011010 88
011000010010100011 93
011000010010101010 74
011000010011011000 82
011000010011100001 106
011000010100011010 104
011000010100100011 97
011000010100110001 103
011000010100110010 100
011000010100110100 116
011000010101010001 87
011000010101011000 105
011000010101100001 91
011000010101110000 100
011000010110000011 89
011000010110001010 105
011000010110010001 99
011000010110010010 99
011000010110010100 88
011000010110011000 89
011000010110100001 88
011000010110100010 95
011000011001010001 105
011000011001011000 115
011000011001100001 107
011000011001110000 98
011000011010000011 108
011000011010001010 96
011000011010010001 98
011000011010010010 89
011000011010010100 92
011000011010011000 90
011000011010100001 94
011000011010100010 90
011000011011000001 105
011000011011010000 106
011000011100010001 91
011000011100010010 113
011000011100010100 104
011000011101010000 99
011000011110000001 100
011000011110000010 98
011000011110010000 117
011000101001001001 103
011000101001010001 110
011000101001011000 102
011000101001100001 105
011000101010000011 115
011000101010000101 99
011000101010001001 106
011000101010001010 109
011000101011000001 90
011000101100000011 110
011000101100000101 114
011000101100010001 106
011000101100010100 113
011000101101000001 113
011000101110000001 110
011000110001011000 107
011000110001100001 110
011000110010001010 117
011000110100000011 105
011000110100001010 89
011000110100010001 105
011000110100010010 95
011000110100010100 111
011000110100011000 98
011000110100100001 99
011000110100100010 110
011000110101000001 96
011000110101010000 95
011000110110000001 102
011000110110000010 86
011000111001000001 102
011000111001010000 99
011000111010000001 94
011000111010000010 96
011000111100000001 102
011000111100000010 104
011000111100010000 106
011001001001011000 87
011001001001100001 107
011001001010000101 108
011001001010001001 105
011001001010001010 104
011001001010001100 96
011001001010010100 107
011001001010011000 97
011001001010100001 104
011001001010100100 115
011001001011000001 106
011001001011001000 86
011001001100010100 90
011001001110000001 81
011001001110000100 106
011001010001011000 113
011001010001100001 75
011001010001101000 88
011001010001110000 98
011001010010001010 102
011001010010011000 95
011001010010100001 107
011001010010100010 92
011001010010100100 102
011001010010101000 105
011001010011001000 102
011001010011100000 105
011001010100010100 101
011001010100011000 100
011001010100100001 107
011001010100100010 108
011001010100100100 93
011001010100110000 111
011001010101010000 88
011001010101100000 83
011001010110000001 97
011001010110000010 114
011001010110000100 101
011001010110001000 104
011001010110010000 109
011001010110100000 104
011001011001010000 105
011001011001100000 101
011001011010000001 106
011001011010000010 96
011001011010000100 99
011001011010001000 96
011001011010010000 108
011001011010100000 94
011001011011000000 91
011001011100010000 98
011001011110000000 101
011010000001011001 108
011010000001101001 95
011010000001110001 104
011010000001111000 122
011010000010001011 99
011010000010011001 128
011010000010011010 92
011010000010011100 91
011010000010100011 105
011010000010100101 100
011010000010101001 75
011010000010101010 101
011010000011001001 120
011010000011011000 91
011010000011100001 84
011010000100010101 94
011010000100011001 107
011010000100011010 102
011010000100011100 86
011010000100100011 104
011010000100100101 96
011010000100110001 108
011010000100110100 102
011010000101010001 100
011010000101011000 88
011010000101100001 105
011010000110000011 95
011010000110000101 83
011010000110001001 94
011010000110001010 117
011010000110010001 102
011010000110010100 105
011010000110011000 107
011010000110100001 104
011010001001010001 98
011010001001011000 108
011010001001100001 110
011010001010000011 97
011010001010000101 99
011010001010001001 91
011010001010001010 105
011010001010010001 113
011010001010010100 107
011010001010011000 122
011010001010100001 86
011010001011000001 96
011010001100010001 87
011010001100010100 94
011010001110000001 101
011010010001011000 96
011010010001100001 122
011010010001110000 91
011010010010001010 94
011010010010011000 103
011010010010100001 105
011010010010100010 122
011010010100010001 100
011010010100010010 123
011010010100010100 101
011010010100011000 115
011010010100100001 97
011010010100100010 95
011010010100110000 92
011010010101010000 110
011010010110000001 100
011010010110000010 101
011010010110010000 104
100000100001101011 106
100000100011001011 96
100000100100011110 121
100000100100100111 103
100000100101001011 101
100000100101010101 109
100000100101011001 81
100000100101011010 91
100000100101011100 102
100000100101100011 114
100000100101100101 97
100000100110000111 91
100000100110001011 88
100000100110001110 94
100000101001001011 87
100000101001010101 87
100000101001011001 109
100000101001011010 103
100000101001011100 91
100000101001100011 105
100000101001100101 95
100000101010000111 79
100000101010001011 103
100000101010001110 102
100000101011000011 101
100000101011000101 97
100000101011001001 91
100000101011001010 100
100000101100000111 101
100000101100010101 101
100000101100010110 85
100000101101000011 116
100000101101000101 110
100000101101010001 107
100000101101010100 89
100000101110000011 83
100000101110000101 101
100000101110000110 109
100000110001011010 104
100000110001100011 96
100000110001101010 84
100000110011001010 107
100000110100010110 113
100000110100011010 102
100000110100100011 117
100000110100100110 90
100000110101000011 119
100000110101001010 110
100000110101010001 105
100000110101010010 102
100000110101010100 95
100000110101011000 110
100000110101100001 104
100000110101100010 103
100000110110000011 110
100000110110000110 103
100000110110001010 79
100001000001111100 79
100001000010101110 106
100001000011011100 95
100001000011100101 90
100001000011101001 107
100001000011101010 94
100001000011101100 88
100001000101011100 98
100001000101100101 103
100001000101110100 104
100001000110001110 107
100001000110011100 110
100001000110100101 112
100001000110100110 101
100001001001011100 105
100001001001100101 114
100001001001110100 119
100001001010001110 88
100001001010011100 107
100001001010100101 122
100001001010100110 99
100001001011000101 111
100001001011001001 98
100001001011001010 105
100001001011001100 104
100001001011010100 110
100001001011011000 102
100001001011100001 93
100001001011100100 118
100001001101010100 105
100001001110000101 95
100001001110000110 108
100001001110010100 86
100001010001101010 108
100001010001110100 87
100001010001111000 77
100001010010100110 92
100001010010101010 90
100001010011001010 102
100001010011011000 118
100001010011100001 96
100001010011100010 104
100001010011100100 97
100001010011101000 97
100001010100100110 81
100001010100110100 89
100001010101010100 81
100001010101011000 99
100001010101100001 93
100001010101100010 104
100001010101100100 115
100001010101110000 88
100001010110000110 94
100001010110001010 87
100001010110010100 96
100001010110100010 85
100001010110100100 115
100001100001011100 105
100001100001100101 85
100001100001101001 109
100001100001101010 115
100001100001101100 93
100001100010001110 114
100001100011001001 105
100001100011001010 91
100001100011001100 95
100001100100001110 97
100001100100011100 83
100001100100100101 98
100001100100100110 98
100001100101000101 79
100001100101001001 108
100001100101001010 85
100001100101001100 113
100001100101010100 113
100001100101011000 85
100001100101100001 100
100001100101100100 97
100001100110000101 104
100001100110000110 95
100001100110001010 91
100001100110001100 106
100001101001000101 101
100001101001001001 91
100001101001001010 89
100001101001001100 105
100001101001010100 92
100001101001011000 104
100001101001100001 102
100001101001100100 91
100001101010000101 107
100001101010000110 84
100001101010001010 89
100001101010001100 113
100001101011000001 96
100001101011000100 122
100001101011001000 116
100001101100000101 92
100001101100000110 92
100001101100010100 107
100001101101000001 115
100001101101000100 92
100001101110000100 104
100001110001001010 103
100001110001011000 97
100001110001100001 119
100001110001100010 91
100001110001100100 84
100001110001101000 98
100001110010001010 99
100001110011001000 103
100001110100000110 114
100001110100001010 103
100001110100010100 92
100001110100100010 99
100001110100100100 106
100001110101000001 92
100001110101000010 112
100001110101000100 110
100001110101001000 94
100001110101010000 93
100001110101100000 93
100001110110000010 101
100001110110000100 102
100010000001101011 108
100010000001110101 105
100010000001111001 101
100010000001111010 105
100010000001111100 98
100010000010011110 103
100010000010100111 86
100010000010101011 114
100010000010101110 109
100010000011001011 107
100010000011011001 90
100010000011011010 100
100010000011011100 95
100010000011100011 97
100010000011100101 96
100010000011101001 98
100010000011101010 104
100010000100011110 109
100010000100100111 93
100010000100110101 83
100010000100110110 101
100010000101010101 96
100010000101011001 92
100010000101011010 111
100010000101011100 96
100010000101100011 100
100010000101100101 94
100010000101110001 115
100010000101110100 101
100010000110000111 91
100010000110001011 94
100010000110001110 96
100010000110010101 95
100010000110010110 98
100010000110011010 97
100010000110011100 82
100010000110100011 94
100010000110100101 99
100010000110100110 92
100010100001001011 113
100010100001011001 104
100010100001011010 99
100010100001011100 102
100010100001100011 102
100010100001100101 100
100010100001101001 102
100010100001101010 106
100010100010001011 83
100010100010001110 98
100010100011001001 108
100010100011001010 122
100010100100000111 108
100010100100001011 98
100010100100001110 93
100010100100010101 106
100010100100010110 108
100010100100011010 107
100010100100011100 92
100010100100100011 107
100010100100100101 100
100010100100100110 114
100010100101000011 91
100010100101000101 100
100010100101001001 96
100010100101001010 88
100010100101010001 100
100010100101010100 101
100010100101011000 97
100010100101100001 86
100010100110000011 92
100010100110000101 114
100010100110000110 105
100010100110001010 125
100011000001011100 101
100011000001100101 86
100011000001101001 100
100011000001101010 97
100011000001101100 100
100011000001110100 95
100011000001111000 100
100011000010001110 106
100011000010011100 96
100011000010100101 93
100011000010100110 101
100011000010101010 101
100011000010101100 85
100011000011001001 102
100011000011001010 96
100011000011001100 90
100011000011011000 104
100011000011100001 93
100011000011100100 100
100011000011101000 97
100011000100011100 106
100011000100100101 92
100011000100100110 102
100011000100110100 91
100011000101010100 103
100011000101011000 103
100011000101100001 107
100011000101100100 87
100011000110000101 99
100011000110000110 104
100011000110001010 107
100011000110001100 95
100011000110010100 96
100011000110100100 110
100100100000011110 101
100100100000100111 117
100100100000101011 90
100100100000101110 90
100100100001001011 105
100100100001011001 89
100100100001011010 91
100100100001011100 107
100100100001100011 97
100100100001100101 115
100100100001101001 95
100100100001101010 104
100100100010001011 101
100100100010001110 115
100100100100000111 101
100100100100001011 95
100100100100001110 94
100100100100010101 91
100100100100010110 86
100100100100011010 105
100100100100011100 102
100100100100100011 84
100100100100100101 116
100100100100100110 104
100100101000000111 115
100100101000001011 123
100100101000001110 101
100100101000010101 106
100100101000010110 100
100100101000011010 118
100100101000011100 96
100100101000100011 108
100100101000100101 97
100100101000100110 90
100100101001000011 101
100100101001000101 97
100100101001001001 108
100100101001001010 111
100100101001010001 111
100100101001010100 94
100100101001011000 107
100100101001100001 113
100100101010000011 92
100100101010000101 106
100100101010000110 91
100100101010001010 113
100100101100000011 93
100100101100000101 83
100100101100000110 109
100100101100010100 113
100100110000011010 114
100100110000100011 85
100100110000100110 105
100100110000101010 104
100100110001001010 92
100100110001011000 86
100100110001100001 108
100100110001100010 114
100100110010001010 110
100100110100000011 100
100100110100000110 80
100100110100001010 92
100100110100010010 108
100100110100010100 82
100100110100100010 98
100101000000101110 94
100101000000111100 107
100101000001011100 100
100101000001100101 108
100101000001101001 96
100101000001101010 106
100101000001101100 109
100101000001110100 104
100101000001111000 94
100101000010001110 87
100101000010011100 96
100101000010100101 104
100101000010100110 95
100101000010101010 112
100101000010101100 97
100101000100011100 91
100101000100100101 115
100101000100100110 96
100101000100110100 92
100101001000011100 109
100101001000100101 124
100101001000100110 86
100101001000110100 102
100101001001010100 90
100101001001011000 102
100101001001100001 102
100101001001100100 124
100101001010000101 110
100101001010000110 92
100101001010001010 93
100101001010001100 99
100101001010010100 104
100101001010100100 87
100101001100010100 99
100101010000100110 101
100101010000101010 90
100101010000110100 101
100101010001011000 102
100101010001100001 108
100101010001100010 104
100101010001100100 110
100101010001101000 104
100101010001110000 124
100101010010001010 119
100101010010100010 91
100101010010100100 104
100101010100010100 85
100101010100100010 86
100101010100100100 98
100101100000001110 110
100101100000011100 98
100101100000100101 120
100101100000100110 100
100101100000101010 98
100101100000101100 104
100101100001001001 110
100101100001001010 99
100101100001001100 121
100101100001011000 88
100101100001100001 102
100101100001100100 102
100101100001101000 114
100101100010001010 104
100101100010001100 100
100101100100000101 114
100101100100000110 99
100101100100001010 104
100101100100001100 89
100101100100010100 97
100101100100100100 108
100101101000000101 101
100101101000000110 89
100101101000001010 120
100101101000001100 100
100101101000010100 92
100101101000100100 97
100101101001000001 111
100101101001000100 108
100101101001001000 111
100101101010000100 102
100101101100000100 100
100101110000001010 100
100101110000100010 98
100101110000100100 95
100101110001001000 91
100101110001100000 109
100101110100000010 98
100101110100000100 106
100110000000011110 94
100110000000100111 107
100110000000101011 112
100110000000101110 111
100110000000110101 101
100110000000110110 79
100110000000111010 90
100110000000111100 88
100110000001011001 94
100110000001011010 96
100110000001011100 95
100110000001100011 94
100110000001100101 93
100110000001101001 92
100110000001101010 104
100110000001110001 98
100110000001110100 87
100110000001111000 106
100110000010001011 120
100110000010001110 90
100110000010011010 89
100110000010011100 94
100110000010100011 91
100110000010100101 112
100110000010100110 103
100110000010101010 120
100110000100010101 100
100110000100010110 76
100110000100011010 113
100110000100011100 96
100110000100100011 106
100110000100100101 96
100110000100100110 89
100110000100110100 104
100110100000001011 104
100110100000001110 100
100110100000011010 97
100110100000011100 94
100110100000100011 116
100110100000100101 109
100110100000100110 86
100110100000101010 94
100110100001001001 107
100110100001001010 117
100110100001011000 106
100110100001100001 112
100110100010001010 101
100110100100000011 88
100110100100000101 117
100110100100000110 132
100110100100001010 111
100110100100010100 102
100111000000011100 90
100111000000100101 98
100111000000100110 95
100111000000101010 121
100111000000101100 78
100111000000110100 104
100111000001011000 85
100111000001100001 104
100111000001100100 87
100111000001101000 104
100111000010001010 102
100111000010001100 86
100111000010100100 99
100111000100010100 96
100111000100100100 93
101000100001011001 99
101000100001101001 86
101000100010001011 116
101000100011001001 85
101000100100001011 108
101000100100010101 102
101000100100011001 115
101000100100011010 93
101000100100011100 91
101000100100100011 87
101000100100100101 117
101000100101001001 102
101000100101010001 115
101000100101011000 130
101000100101100001 94
101000100110000011 93
101000100110000101 100
101000100110001001 96
101000100110001010 102
101000101001001001 104
101000101001010001 88
101000101001011000 100
101000101001100001 104
101000101010000011 96
101000101010000101 110
101000101010001001 89
101000101010001010 82
101000101011000001 91
101000101100000011 95
101000101100000101 92
101000101100010001 102
101000101100010100 98
101000101101000001 89
101000101110000001 111
101000110001011000 96
101000110001100001 103
101000110010001010 106
101000110100000011 94
101000110100001010 90
101000110100010001 117
101000110100010010 101
101000110100010100 116
101000110100011000 117
101000110100100001 118
101000110100100010 89
101000110101000001 101
101000110101010000 119
101000110110000001 104
101000110110000010 96
101001000001101001 109
101001000001111000 118
101001000010011100 93
101001000010100101 121
101001000010101001 107
101001000010101010 100
101001000010101100 106
101001000011001001 81
101001000011011000 95
101001000011100001 96
101001000011101000 107
101001000100011100 86
101001000100100101 105
101001000100110100 90
101001000101011000 96
101001000101100001 106
101001000110000101 119
101001000110001001 98
101001000110001010 86
101001000110001100 87
101001000110010100 98
101001000110011000 102
101001000110100001 106
101001000110100100 94
101001001001011000 92
101001001001100001 115
101001001010000101 102
101001001010001001 119
101001001010001010 88
101001001010001100 93
101001001010010100 102
101001001010011000 103
101001001010100001 106
101001001010100100 106
101001001011000001 93
101001001011001000 103
101001001100010100 105
101001001110000001 82
101001001110000100 119
101001010001011000 105
101001010001100001 115
101001010001101000 102
101001010001110000 119
101001010010001010 94
101001010010011000 103
101001010010100001 93
101001010010100010 103
101001010010100100 89
101001010010101000 95
101001010011001000 85
101001010011100000 110
101001010100010100 112
101001010100011000 77
101001010100100001 102
101001010100100010 109
101001010100100100 108
101001010100110000 101
101001010101010000 88
101001010101100000 104
101001010110000001 97
101001010110000010 112
101001010110000100 106
101001010110001000 111
101001010110010000 102
101001010110100000 101
101001100001001001 102
101001100001011000 100
101001100001100001 89
101001100001101000 83
101001100010001001 124
101001100010001010 102
101001100010001100 94
101001100011001000 100
101001100100000101 134
101001100100001001 96
101001100100001010 99
101001100100001100 98
101001100100010100 76
101001100100011000 105
101001100100100001 106
101001100100100100 98
101001100101000001 75
101001100101001000 103
101001100110000001 108
101001100110000100 113
101001100110001000 90
101001101001000001 111
101001101001001000 101
101001101010000001 108
101001101010000100 119
101001101010001000 106
101001101100000001 84
101001101100000100 105
101001110001001000 95
101001110001100000 120
101001110010001000 110
101001110100000001 84
101001110100000010 108
101001110100000100 89
101001110100001000 105
101001110100010000 76
101001110100100000 83
101001110101000000 97
101001110110000000 111
101010000001011001 100
101010000001101001 97
101010000001110001 92
101010000001111000 102
101010000010001011 78
101010000010011001 93
101010000010011010 104
101010000010011100 113
101010000010100011 99
101010000010100101 109
101010000010101001 93
101010000010101010 98
101010000011001001 106
101010000011011000 86
101010000011100001 88
101010000100010101 97
101010000100011001 88
101010000100011010 92
101010000100011100 91
101010000100100011 93
101010000100100101 87
101010000100110001 98
101010000100110100 101
101010000101010001 84
101010000101011000 118
101010000101100001 107
101010000110000011 83
101010000110000101 99
101010000110001001 111
101010000110001010 94
101010000110010001 103
101010000110010100 96
101010000110011000 92
101010000110100001 99
101010100001001001 90
101010100001011000 75
101010100001100001 110
101010100010001001 90
101010100010001010 98
101010100100000011 91
101010100100000101 99
101010100100001001 109
101010100100001010 92
101010100100010001 104
101010100100010100 105
101010100100011000 100
101010100100100001 103
101010100101000001 127
101010100110000001 84
101011000001011000 92
101011000001100001 86
101011000001101000 99
101011000010001001 100
101011000010001010 108
101011000010001100 95
101011000010011000 97
101011000010100001 91
101011000010100100 87
101011000010101000 90
101011000011001000 101
101011000100010100 89
101011000100011000 107
101011000100100001 98
101011000100100100 83
101011000110000001 99
101011000110000100 101
101011000110001000 100
110000000001101011 98
110000000001110101 121
110000000001111001 97
110000000001111010 91
110000000001111100 103
110000000010011110 94
110000000010100111 110
110000000010101011 93
110000000010101110 99
110000000011001011 94
110000000011011001 102
110000000011011010 109
110000000011011100 101
110000000011100011 102
110000000011100101 121
110000000011101001 86
110000000011101010 99
110000000100011110 85
110000000100100111 108
110000000100110101 89
110000000100110110 109
110000000101010101 98
110000000101011001 101
110000000101011010 86
110000000101011100 114
110000000101100011 98
110000000101100101 109
110000000101110001 97
110000000101110100 96
110000000110000111 87
110000000110001011 98
110000000110001110 107
110000000110010101 89
110000000110010110 89
110000000110011010 112
110000000110011100 115
110000000110100011 114
110000000110100101 95
110000000110100110 101
110000001001010101 116
110000001001011001 102
110000001001011010 106
110000001001011100 102
110000001001100011 101
110000001001100101 97
110000001001110001 109
110000001001110100 103
110000001010000111 106
110000001010001011 107
110000001010001110 107
110000001010010101 107
110000001010010110 110
110000001010011010 91
110000001010011100 102
110000001010100011 93
110000001010100101 94
110000001010100110 79
110000001011000011 98
110000001011000101 87
110000001011001001 90
110000001011001010 90
110000001011010001 86
110000001011010100 91
110000001011011000 85
110000001011100001 88
110000001100010101 101
110000001100010110 116
110000001101010001 94
110000001101010100 102
110000001110000011 105
110000001110000101 93
110000001110000110 85
110000001110010100 100
110000010001011010 95
110000010001100011 112
110000010001101010 98
110000010001110001 100
110000010001110010 100
110000010001110100 105
110000010001111000 103
110000010010011010 89
110000010010100011 94
110000010010100110 121
110000010010101010 90
110000010011001010 86
110000010011011000 99
110000010011100001 105
110000010011100010 93
110000010100010110 104
110000010100011010 91
110000010100100011 94
110000010100100110 99
110000010100110010 101
110000010100110100 97
110000010101010001 114
110000010101010010 101
110000010101010100 98
110000010101011000 97
110000010101100001 98
110000010101100010 116
110000010101110000 96
110000010110000011 115
110000010110000110 83
110000010110001010 80
110000010110010010 104
110000010110010100 99
110000010110100010 96
110000100001001011 109
110000100001011001 91
110000100001011010 94
110000100001011100 103
110000100001100011 111
110000100001100101 98
110000100001101001 86
110000100001101010 113
110000100010001011 105
110000100010001110 93
110000100011001001 97
110000100011001010 92
110000100100000111 88
110000100100001011 100
110000100100001110 117
110000100100010101 92
110000100100010110 79
110000100100011010 106
110000100100011100 115
110000100100100011 96
110000100100100101 87
110000100100100110 102
110000100101000011 93
110000100101000101 99
110000100101001001 96
110000100101001010 93
110000100101010001 108
110000100101010100 87
110000100101011000 106
110000100101100001 94
110000100110000011 105
110000100110000101 97
110000100110000110 101
110000100110001010 89
110000101001000011 104
110000101001000101 95
110000101001001001 98
110000101001001010 70
110000101001010001 111
110000101001010100 94
110000101001011000 86
110000101001100001 115
110000101010000011 76
110000101010000101 95
110000101010000110 113
110000101010001010 95
110000101011000001 107
110000101100000011 100
110000101100000101 85
110000101100000110 100
110000101100010100 108
110000101101000001 87
110000110001001010 95
110000110001011000 84
110000110001100001 92
110000110001100010 95
110000110010001010 96
110000110100000011 100
110000110100000110 99
110000110100001010 117
110000110100010010 122
110000110100010100 86
110000110100100010 101
110000110101000001 94
110000110101000010 120
110000110101010000 89
110000110110000010 103
110001000001011100 90
110001000001100101 110
110001000001101001 110
110001000001101010 108
110001000001101100 81
110001000001110100 93
110001000001111000 102
110001000010001110 106
110001000010011100 103
110001000010100101 97
110001000010100110 97
110001000010101010 117
110001000010101100 106
110001000011001001 111
110001000011001010 113
110001000011001100 72
110001000011011000 98
110001000011100001 95
110001000011100100 97
110001000011101000 93
110001000100011100 93
110001000100100101 84
110001000100100110 104
110001000100110100 114
110001000101010100 122
110001000101011000 102
110001000101100001 106
110001000101100100 110
110001000110000101 97
110001000110000110 106
110001000110001010 103
110001000110001100 113
110001000110010100 78
110001000110100100 97
110001001001010100 100
110001001001011000 103
110001001001100001 91
110001001001100100 97
110001001010000101 100
110001001010000110 92
110001001010001010 97
110001001010001100 82
110001001010010100 93
110001001010100100 99
110001001011000001 96
110001001011000100 108
110001001011001000 90
110001001100010100 103
110001001110000100 104
110001010001011000 105
110001010001100001 84
110001010001100010 96
110001010001100100 88
110001010001101000 90
110001010001110000 88
110001010010001010 86
110001010010100010 121
110001010010100100 99
110001010011001000 116
110001010011100000 94
110001010100010100 80
110001010100100010 105
110001010100100100 77
110001010101010000 86
110001010101100000 100
110001010110000010 107
110001010110000100 88
110010000001011001 111
110010000001011010 82
110010000001011100 110
110010000001100011 106
110010000001100101 104
110010000001101001 95
110010000001101010 111
110010000001110001 94
110010000001110100 89
110010000001111000 105
110010000010001011 103
110010000010001110 90
110010000010011010 93
110010000010011100 91
110010000010100011 98
110010000010100101 92
110010000010100110 101
110010000010101010 91
110010000011001001 100
110010000011001010 97
110010000011011000 90
110010000011100001 95
110010000100010101 92
110010000100010110 107
110010000100011010 96
110010000100011100 103
110010000100100011 93
110010000100100101 97
110010000100100110 87
110010000100110100 109
110010000101010001 71
110010000101010100 82
110010000101011000 90
110010000101100001 100
110010000110000011 107
110010000110000101 124
110010000110000110 100
110010000110001010 111
110010000110010100 112
