#length inter_chain_contacts
20370 50319
24462 61876
23778 60904
22390 56649
20602 52162
23397 59303
20870 52118
23345 59168
20600 51702
22623 57553
20444 52332
21803 55926
20591 51789
21152 53280
22920 57016
21940 55195
21636 54075
20697 53068
23208 58003
24725 61204
22638 57535
21281 52147
20544 51733
24372 60621
24038 59530
21684 55119
23545 59749
21514 54525
22645 57380
23381 58651
22781 56970
20824 52706
23443 58624
24044 61204
21662 55368
21280 53858
23427 58429
23837 59549
20385 51936
22637 56442
23883 60425
20461 49588
21474 53514
24035 59374
21205 51834
22008 56206
20671 50432
23887 58357
24396 61314
24265 59972
22421 54451
22162 55127
21319 53954
24417 61155
22415 58038
24395 61245
23178 58186
21027 53776
23275 58986
22190 55480
22678 57803
24633 60953
23951 61209
20975 53362
21270 53572
23294 58720
24511 61749
21186 53596
22761 58086
20714 51359
22689 56907
22782 57406
24133 60905
21950 55451
22160 55568
24125 62199
23525 58411
22302 55765
24259 60620
22560 56860
22171 55851
22357 56170
22619 58664
21690 54374
24674 61834
22953 58201
24139 62624
24555 60130
21521 54812
21346 54362
21635 55189
22390 56625
22624 55911
23411 60249
22778 56382
20390 51736
20831 50532
22685 56315
20561 50542
24292 60907
