#length inter_chain_contacts
5262 13463
5736 14120
5990 16166
5379 13432
5851 14794
5371 14078
5221 12713
6171 15194
5424 12912
5208 13036
5501 13980
6101 16345
5822 15018
5307 13371
5239 13836
5964 15210
5742 14978
5211 12997
5793 14009
5833 15447
5100 13018
6180 15306
5230 13980
5872 14879
6010 15065
5894 15464
6192 15140
5659 14167
5330 13245
5402 13723
6083 15917
5097 12992
5399 13729
5470 12986
6099 15552
5886 14822
5348 13914
5100 13070
6149 15992
5331 13386
6218 15301
6054 15025
6077 15239
5504 14194
5307 13620
5343 13040
5335 13720
6040 15118
5908 14916
5118 13544
5829 14857
6164 15485
5828 15245
5385 13834
5303 13329
5438 14227
6185 16146
5285 13681
5421 14050
5732 14072
5782 14809
6013 15401
6216 15768
5658 15016
5241 13723
5409 13631
5182 13533
5621 14016
5251 13028
5155 13005
5870 15390
5490 14466
5423 13403
6088 15148
5593 14385
5428 13824
5133 13037
5771 14990
5843 15693
5398 13780
6050 15765
5488 14229
5812 15095
5912 15261
6177 15818
5877 15310
5318 12747
5108 13307
5208 12661
5409 13852
5428 13299
5510 14244
5158 13079
6044 15293
5980 15731
5217 13368
5278 13691
6122 15821
5171 13285
5623 13889
