#length n_overlapping_chains
57619 810
57185 736
56359 583
59744 814
56697 797
54171 603
59686 795
61679 636
51311 605
53755 555
61072 322
61289 367
51369 311
56808 539
52038 572
52705 586
56889 656
51675 757
56230 562
53663 847
61363 572
55501 637
57575 590
54775 381
60283 381
53907 696
54245 589
53940 524
53747 545
59010 548
51553 666
55405 725
61237 524
51606 625
59205 601
57899 565
53235 642
56442 683
62002 405
58967 480
54239 647
60813 464
56646 630
51127 759
54654 484
50937 699
53672 725
54895 720
55494 663
52620 738
59973 478
53043 448
50980 891
56322 995
52656 457
52588 812
60243 398
53290 664
60511 982
60063 657
54546 621
55925 436
60675 803
61221 427
56852 827
54763 559
60881 659
51329 421
56673 740
53480 640
57075 360
51413 437
54908 558
54951 902
54032 843
61141 591
59183 727
55400 647
58387 696
51315 557
58305 1027
53147 562
59419 626
58895 520
55047 719
60863 519
56489 543
52555 485
56607 444
53425 471
54699 695
55579 542
53051 491
53311 335
59956 538
