#length n_overlapping_chains
5262 204
5736 182
5990 266
5379 170
5851 179
5371 221
5221 136
6171 144
5424 150
5208 162
5501 130
6101 291
5822 240
5307 193
5239 161
5964 184
5742 161
5211 132
5793 157
5833 223
5100 198
6180 176
5230 156
5872 162
6010 188
5894 299
6192 209
5659 206
5330 154
5402 232
6083 198
5097 207
5399 215
5470 122
6099 200
5886 146
5348 229
5100 229
6149 198
5331 185
6218 216
6054 161
6077 208
5504 221
5307 195
5343 142
5335 238
6040 204
5908 241
5118 238
5829 223
6164 221
5828 246
5385 198
5303 116
5438 224
6185 236
5285 228
5421 180
5732 152
5782 241
6013 225
6216 207
5658 180
5241 196
5409 152
5182 211
5621 179
5251 161
5155 201
5870 206
5490 228
5423 166
6088 180
5593 191
5428 261
5133 175
5771 208
5843 262
5398 172
6050 229
5488 201
5812 208
5912 166
6177 207
5877 237
5318 135
5108 180
5208 128
5409 161
5428 178
5510 193
5158 227
6044 227
5980 217
5217 221
5278 216
6122 173
5171 195
5623 169
