#sequence_separation contact_probability stderr
3 0.160605 0.00035819
5 0.0804567 0.000341311
7 0.0481708 0.000258501
9 0.0330717 0.0002469
11 0.0240638 0.000195746
13 0.0188637 0.000180738
15 0.0151468 0.000172787
17 0.0126436 0.000163477
19 0.0105946 0.00014712
21 0.00908209 0.000144414
23 0.00799113 0.000137167
25 0.0068786 0.000130799
27 0.0063302 0.000124728
29 0.0055957 0.000102658
31 0.00495403 0.000101065
33 0.00437096 8.54327e-05
35 0.00425016 9.13194e-05
37 0.0038874 9.44717e-05
39 0.00359839 9.43566e-05
41 0.00330908 8.46364e-05
43 0.00320349 9.05364e-05
45 0.00284596 7.86131e-05
47 0.00266187 7.71152e-05
49 0.00242623 8.20817e-05
51 0.00233499 7.65672e-05
53 0.00216593 7.67052e-05
55 0.0020678 7.77031e-05
57 0.00189706 7.12801e-05
59 0.00180303 7.44626e-05
61 0.00165611 7.28728e-05
63 0.00159536 6.79074e-05
65 0.00157492 6.93225e-05
67 0.0014486 5.83225e-05
69 0.00146673 6.28812e-05
71 0.0013544 5.46999e-05
73 0.0013115 5.59119e-05
75 0.00131874 6.19742e-05
77 0.00125618 5.21875e-05
79 0.00111144 4.66468e-05
81 0.00105169 4.54305e-05
83 0.00108391 5.47072e-05
85 0.00105633 4.86159e-05
87 0.00105525 4.61937e-05
89 0.00106105 4.98789e-05
91 0.000996017 5.01384e-05
93 0.00100304 5.28791e-05
95 0.000894146 4.13538e-05
97 0.000913851 4.93838e-05
99 0.000855483 4.66534e-05
101 0.000845761 5.39422e-05
103 0.000809471 4.41944e-05
105 0.000745418 4.52883e-05
107 0.000747246 4.56473e-05
109 0.000707943 4.93721e-05
111 0.000716652 4.87928e-05
113 0.000691715 4.8967e-05
115 0.000686208 4.28936e-05
117 0.000659875 3.68304e-05
119 0.000644572 4.33477e-05
121 0.000625208 4.04791e-05
123 0.000669003 4.75462e-05
125 0.000627202 4.08742e-05
127 0.000579355 4.02507e-05
129 0.000534293 3.36253e-05
131 0.00051751 3.10588e-05
133 0.000526158 3.00314e-05
135 0.00055167 3.65772e-05
137 0.000533405 3.72668e-05
139 0.000487088 3.73526e-05
141 0.000493058 3.67991e-05
143 0.000469112 3.65759e-05
145 0.000498622 3.45286e-05
147 0.000483377 3.29665e-05
149 0.000463741 3.47393e-05
151 0.000468141 3.65986e-05
153 0.000442868 3.69151e-05
155 0.000464332 3.46417e-05
157 0.000446224 3.18817e-05
159 0.000433575 3.37936e-05
161 0.000477242 3.53141e-05
163 0.000422399 3.01223e-05
165 0.000402725 3.00886e-05
167 0.00045655 3.22721e-05
169 0.000410038 2.91301e-05
171 0.000373457 2.70975e-05
173 0.000386287 2.70515e-05
175 0.000410511 3.13622e-05
177 0.000394928 3.20431e-05
179 0.000405019 3.15536e-05
181 0.000403718 3.47059e-05
183 0.000330112 2.7185e-05
185 0.000338666 3.25711e-05
187 0.000296173 2.7383e-05
189 0.000299289 2.54486e-05
191 0.000302 2.43508e-05
193 0.000300941 2.65382e-05
195 0.000322104 2.77341e-05
197 0.000343465 2.67823e-05
199 0.000387558 3.16691e-05
201 0.000352284 3.07678e-05
203 0.0003154 3.156e-05
205 0.000292778 2.63439e-05
207 0.000281422 2.40376e-05
209 0.000274358 2.56112e-05
211 0.000301468 2.63818e-05
213 0.000295953 2.92364e-05
215 0.000283178 2.39325e-05
217 0.000307364 2.83589e-05
219 0.000268976 2.76337e-05
221 0.000269229 2.84746e-05
223 0.000279289 2.89025e-05
225 0.0002464 2.78529e-05
227 0.000256603 2.83652e-05
229 0.000248164 2.70373e-05
231 0.000273898 3.08042e-05
233 0.000279668 2.95243e-05
235 0.000226875 2.3366e-05
237 0.000224248 2.21435e-05
239 0.000221253 2.39051e-05
241 0.00021852 2.21537e-05
243 0.000198597 1.94719e-05
245 0.000188585 2.19259e-05
247 0.000167277 2.05394e-05
249 0.000235888 2.42828e-05
251 0.000228979 2.66289e-05
253 0.00024753 2.62989e-05
255 0.000272037 2.6241e-05
257 0.000244946 2.50912e-05
259 0.000232034 2.29169e-05
261 0.000236394 2.5036e-05
263 0.000237882 2.60635e-05
265 0.000204951 2.39987e-05
267 0.000253754 3.01154e-05
269 0.00021068 2.36666e-05
271 0.000208026 2.19722e-05
273 0.000219478 2.42856e-05
275 0.000186533 2.00159e-05
277 0.000180745 2.41998e-05
279 0.000198113 2.257e-05
281 0.000166566 1.88892e-05
283 0.00018241 2.1957e-05
285 0.000146529 1.7218e-05
287 0.000168213 2.1715e-05
289 0.00021007 2.81679e-05
291 0.000156768 1.87604e-05
293 0.000191331 2.59702e-05
295 0.000197149 2.88402e-05
297 0.000159816 2.28561e-05
299 0.000182912 2.3832e-05
301 0.000195833 2.44695e-05
303 0.000207594 2.66271e-05
305 0.000185924 2.21538e-05
307 0.000197554 2.21083e-05
309 0.000165976 1.92969e-05
311 0.000141416 1.89225e-05
313 0.000171663 2.1458e-05
315 0.00017605 2.16307e-05
317 0.000193371 2.68363e-05
319 0.000176117 2.17534e-05
321 0.000167539 2.27137e-05
323 0.000145964 2.02755e-05
325 0.000175001 2.20699e-05
327 0.000131618 1.62461e-05
329 0.000162099 2.20643e-05
331 0.000165019 2.26263e-05
333 0.000121545 1.60782e-05
335 0.00011435 1.54954e-05
337 0.000128824 1.96423e-05
339 0.000139012 1.89879e-05
341 0.000101426 1.39795e-05
343 0.000114476 1.65582e-05
345 0.000114438 1.66672e-05
347 0.000102874 1.77707e-05
349 0.000129025 2.29292e-05
351 0.000113136 1.50168e-05
353 0.000110214 1.45083e-05
355 0.000130603 1.92928e-05
357 0.000135001 1.83835e-05
359 0.000134931 1.92573e-05
361 0.000113323 1.68877e-05
363 0.000123445 1.87332e-05
365 0.000120671 1.76932e-05
367 0.00012216 1.57635e-05
369 0.000138182 1.81022e-05
371 0.000126544 1.62869e-05
373 0.000113565 1.54933e-05
375 0.000106278 1.4829e-05
377 0.00011512 1.66643e-05
379 0.000119433 1.53179e-05
381 0.000123768 1.90196e-05
383 0.000113638 1.75485e-05
385 0.000123966 1.86354e-05
387 0.000125413 1.82207e-05
389 0.0001327 2.07346e-05
391 0.000132766 2.27987e-05
393 0.00010648 2.00745e-05
395 9.04898e-05 1.51172e-05
397 0.000103682 1.64205e-05
399 0.000131526 1.94358e-05
401 0.000116901 1.82382e-05
403 9.21627e-05 1.67584e-05
405 8.92222e-05 1.70446e-05
407 0.000119912 1.95481e-05
409 9.07725e-05 1.53319e-05
411 0.000102461 1.73676e-05
413 7.90532e-05 1.45494e-05
415 0.000103983 1.59468e-05
417 8.94083e-05 1.52204e-05
419 0.000102512 1.63668e-05
421 9.09131e-05 1.53396e-05
423 9.39314e-05 1.57394e-05
425 9.68828e-05 1.74182e-05
427 7.63532e-05 1.18417e-05
429 8.52737e-05 1.627e-05
431 7.79101e-05 1.43237e-05
433 6.62158e-05 1.27239e-05
435 0.00010436 1.71826e-05
437 8.67563e-05 1.41308e-05
439 9.71098e-05 1.6291e-05
441 0.000111827 2.07107e-05
443 8.68132e-05 1.47298e-05
445 7.94292e-05 1.28839e-05
447 9.72733e-05 1.46462e-05
449 8.10801e-05 1.42145e-05
451 0.000113452 2.03094e-05
453 9.28431e-05 1.63721e-05
455 9.87911e-05 1.57678e-05
457 0.00010176 1.88529e-05
459 6.78159e-05 1.40504e-05
461 8.25981e-05 1.32503e-05
463 6.64388e-05 1.34374e-05
465 8.71021e-05 2.19168e-05
467 7.82615e-05 2.07366e-05
469 8.41505e-05 1.55266e-05
471 7.23881e-05 1.4102e-05
473 7.38118e-05 1.52491e-05
475 9.16568e-05 1.56339e-05
477 9.30848e-05 1.75804e-05
479 9.90804e-05 1.69971e-05
481 9.17349e-05 1.6449e-05
483 8.43508e-05 1.54111e-05
485 8.14799e-05 1.50199e-05
487 7.85489e-05 1.56148e-05
489 7.85807e-05 1.33395e-05
491 6.51959e-05 1.36279e-05
493 6.82127e-05 1.44365e-05
495 7.56083e-05 1.57599e-05
497 7.85846e-05 1.56073e-05
499 0.000105328 1.72113e-05
501 8.45692e-05 1.37895e-05
503 8.46245e-05 1.39706e-05
505 7.57238e-05 1.33575e-05
507 7.27527e-05 1.50742e-05
509 9.80221e-05 1.66952e-05
511 7.28233e-05 1.3376e-05
513 9.80781e-05 1.51861e-05
515 5.9479e-05 1.15196e-05
517 7.43417e-05 1.56554e-05
519 8.18715e-05 1.49417e-05
521 9.83042e-05 1.58002e-05
523 0.00010126 1.45732e-05
525 8.03768e-05 1.38638e-05
527 8.49209e-05 1.44921e-05
529 6.55545e-05 1.33878e-05
531 8.04914e-05 1.58397e-05
533 7.1597e-05 1.40739e-05
535 6.70763e-05 1.43346e-05
537 6.55995e-05 1.30461e-05
539 6.41645e-05 1.40398e-05
541 5.22766e-05 1.27523e-05
543 5.37672e-05 1.14775e-05
545 7.47378e-05 1.54508e-05
547 5.82266e-05 1.11489e-05
549 5.52528e-05 1.14962e-05
551 6.27433e-05 1.33844e-05
553 6.43256e-05 1.40679e-05
555 6.58524e-05 1.32755e-05
557 3.89382e-05 7.21889e-06
559 3.74446e-05 8.30365e-06
561 6.43491e-05 1.25629e-05
563 7.04539e-05 1.31461e-05
565 5.68973e-05 1.17364e-05
567 6.44413e-05 1.25899e-05
569 5.09477e-05 9.98423e-06
571 5.54718e-05 1.15409e-05
573 7.0514e-05 1.2263e-05
575 5.55046e-05 1.13424e-05
577 5.25511e-05 1.2457e-05
579 5.85765e-05 1.55786e-05
581 5.11153e-05 1.29641e-05
583 5.41174e-05 1.31989e-05
585 5.55421e-05 1.52317e-05
587 5.10787e-05 1.36311e-05
589 6.9109e-05 1.5235e-05
591 6.16596e-05 1.26038e-05
593 4.66318e-05 9.43594e-06
595 6.77501e-05 1.4506e-05
597 5.72036e-05 1.23738e-05
599 6.9201e-05 1.584e-05
601 5.86923e-05 1.29201e-05
603 6.47955e-05 1.48169e-05
605 7.0794e-05 1.3879e-05
607 6.173e-05 1.29695e-05
609 6.17568e-05 1.24341e-05
611 4.96999e-05 1.12787e-05
613 4.52786e-05 8.93261e-06
615 5.42933e-05 1.25221e-05
617 4.98048e-05 1.08912e-05
619 6.34263e-05 1.46616e-05
621 5.13422e-05 1.17382e-05
623 4.37917e-05 9.61831e-06
625 3.92776e-05 9.93657e-06
627 4.38201e-05 1.07498e-05
629 4.23385e-05 1.28482e-05
631 5.59578e-05 1.42847e-05
633 6.96101e-05 1.56276e-05
635 5.44868e-05 1.18221e-05
637 5.59686e-05 1.39631e-05
639 5.15158e-05 1.34182e-05
641 5.45414e-05 1.36434e-05
643 8.03391e-05 1.44546e-05
645 8.78612e-05 1.76743e-05
647 6.97251e-05 1.52141e-05
649 5.31039e-05 1.18335e-05
651 8.04371e-05 1.78823e-05
653 7.89008e-05 1.70929e-05
655 5.46681e-05 1.22517e-05
657 6.68009e-05 1.53706e-05
659 4.40635e-05 1.05819e-05
661 5.16593e-05 1.27523e-05
663 5.16901e-05 1.03582e-05
665 6.08405e-05 1.15714e-05
667 8.21809e-05 1.80645e-05
669 5.48069e-05 1.30189e-05
671 5.93642e-05 1.81366e-05
673 6.70439e-05 1.58908e-05
675 6.71041e-05 1.51503e-05
677 6.54939e-05 1.52648e-05
679 5.4949e-05 1.26917e-05
681 6.71235e-05 1.33537e-05
683 7.16839e-05 1.45528e-05
685 4.57803e-05 1.32295e-05
687 7.17405e-05 1.53383e-05
689 7.17493e-05 1.55003e-05
691 6.86968e-05 1.15036e-05
693 7.48826e-05 1.4736e-05
695 6.88201e-05 1.52103e-05
697 5.96153e-05 1.39942e-05
699 5.3522e-05 1.13145e-05
701 7.6435e-05 1.91431e-05
703 5.96619e-05 1.75768e-05
705 5.81108e-05 1.27459e-05
707 5.04691e-05 1.35046e-05
709 6.12707e-05 1.10537e-05
711 5.51062e-05 1.09347e-05
713 5.66022e-05 1.30951e-05
715 5.36237e-05 1.13449e-05
717 5.97314e-05 1.33348e-05
719 5.67043e-05 1.19978e-05
721 3.21866e-05 9.27963e-06
723 2.4526e-05 6.75819e-06
725 4.29918e-05 1.04299e-05
727 4.30287e-05 9.98619e-06
729 4.29184e-05 1.20688e-05
731 2.76567e-05 7.32268e-06
733 3.22814e-05 7.92819e-06
735 4.30106e-05 1.21049e-05
737 3.99895e-05 1.12223e-05
739 4.30467e-05 1.0446e-05
741 4.14799e-05 1.28153e-05
743 6.76624e-05 1.71618e-05
745 4.772e-05 1.24421e-05
747 7.54716e-05 2.0512e-05
749 6.00728e-05 1.76954e-05
751 3.69752e-05 1.0716e-05
753 3.69149e-05 1.26959e-05
755 4.16078e-05 1.12969e-05
757 5.70282e-05 1.43922e-05
759 5.85949e-05 1.42574e-05
761 4.16502e-05 9.96118e-06
763 5.85736e-05 1.3218e-05
765 6.17323e-05 1.41505e-05
767 4.6329e-05 1.24501e-05
769 4.48033e-05 1.14224e-05
771 5.25379e-05 1.13992e-05
773 4.48586e-05 1.27976e-05
775 5.56784e-05 1.16749e-05
777 4.79995e-05 1.2908e-05
779 4.02266e-05 1.06358e-05
781 3.40221e-05 9.16854e-06
783 3.71033e-05 9.54873e-06
785 3.71689e-05 1.18282e-05
787 3.40106e-05 1.12573e-05
789 3.10178e-05 7.2767e-06
791 4.02506e-05 1.20936e-05
793 4.65225e-05 1.12817e-05
795 6.19535e-05 2.05131e-05
797 4.49636e-05 1.52573e-05
799 4.79889e-05 1.70319e-05
801 5.27354e-05 1.72648e-05
803 3.87643e-05 1.18663e-05
805 3.56939e-05 1.25594e-05
807 4.34798e-05 9.83777e-06
809 4.03665e-05 1.0887e-05
811 4.19344e-05 1.07231e-05
813 4.66343e-05 1.27153e-05
815 4.8184e-05 1.17842e-05
817 4.19808e-05 9.79586e-06
819 5.44616e-05 1.21243e-05
821 4.20575e-05 1.09939e-05
823 4.52223e-05 1.06536e-05
825 5.14107e-05 1.07964e-05
827 4.98918e-05 1.4241e-05
829 5.15329e-05 1.32702e-05
831 3.11986e-05 1.14656e-05
833 2.02468e-05 6.09171e-06
835 3.27594e-05 9.44432e-06
837 2.81234e-05 8.3806e-06
839 3.12654e-05 1.23089e-05
841 3.12568e-05 9.61689e-06
843 3.59865e-05 1.08045e-05
845 2.97204e-05 8.48525e-06
847 3.75274e-05 1.13053e-05
849 5.00306e-05 1.34119e-05
851 3.91061e-05 1.02295e-05
853 3.91409e-05 1.0243e-05
855 3.44432e-05 1.12012e-05
857 3.9138e-05 9.99501e-06
859 3.59831e-05 1.07924e-05
861 3.91017e-05 1.15638e-05
863 4.22924e-05 1.1266e-05
865 5.17013e-05 1.29274e-05
867 3.13427e-05 1.08633e-05
869 3.44801e-05 1.16351e-05
871 2.66723e-05 8.01844e-06
873 4.24002e-05 1.12941e-05
875 2.97895e-05 1.03097e-05
877 3.77813e-05 1.13838e-05
879 2.51496e-05 9.59965e-06
881 2.99284e-05 9.64709e-06
883 3.30055e-05 1.02606e-05
885 4.71738e-05 1.12261e-05
887 4.71904e-05 1.12361e-05
889 4.25273e-05 1.11147e-05
891 3.622e-05 9.92164e-06
893 3.62554e-05 1.15544e-05
895 4.09781e-05 9.62218e-06
897 5.52121e-05 1.51948e-05
899 3.62699e-05 9.41739e-06
901 3.62809e-05 8.88265e-06
903 4.41851e-05 1.22333e-05
905 5.36492e-05 1.14292e-05
907 5.36831e-05 1.18574e-05
909 3.7917e-05 1.16455e-05
911 6.80268e-05 1.40236e-05
913 4.58683e-05 1.00738e-05
915 5.69172e-05 1.35168e-05
917 3.47679e-05 1.12982e-05
919 4.10573e-05 1.08383e-05
921 6.16506e-05 1.56233e-05
923 4.43435e-05 9.78533e-06
925 4.58843e-05 1.16979e-05
927 3.80083e-05 1.07888e-05
929 4.90991e-05 1.15714e-05
931 6.49355e-05 1.74834e-05
933 5.07433e-05 1.09628e-05
935 4.9111e-05 2.04735e-05
937 3.32811e-05 8.47354e-06
939 1.90539e-05 6.46088e-06
941 2.06456e-05 6.61494e-06
943 2.86081e-05 1.01579e-05
945 3.17092e-05 9.76976e-06
947 3.01749e-05 9.45268e-06
949 3.02001e-05 8.01079e-06
951 2.86055e-05 7.24231e-06
953 2.06651e-05 6.22115e-06
955 2.70512e-05 8.73598e-06
957 2.54915e-05 7.38139e-06
959 1.43422e-05 6.79267e-06
961 2.22816e-05 7.46141e-06
963 1.43462e-05 7.16277e-06
965 2.38985e-05 8.54491e-06
967 2.55149e-05 8.64403e-06
969 3.34764e-05 1.43002e-05
971 2.55027e-05 9.99785e-06
973 2.07406e-05 8.02367e-06
975 3.03132e-05 9.21964e-06
977 4.94531e-05 1.42078e-05
979 2.39483e-05 8.25822e-06
981 2.3931e-05 8.84248e-06
983 2.39408e-05 9.13086e-06
985 2.07472e-05 7.70586e-06
987 2.55537e-05 8.05173e-06
989 2.23593e-05 8.14475e-06
991 2.56008e-05 8.38201e-06
993 1.75723e-05 5.93029e-06
995 3.04262e-05 8.68834e-06
997 2.07773e-05 7.37701e-06
999 2.40108e-05 8.87149e-06
1001 2.56629e-05 9.55433e-06
1003 2.24027e-05 7.51018e-06
1005 1.92078e-05 6.89156e-06
1007 3.04467e-05 1.1475e-05
1009 3.36992e-05 1.18442e-05
1011 3.69859e-05 1.30456e-05
1013 2.41224e-05 8.92744e-06
1015 4.65889e-05 1.27116e-05
1017 2.57314e-05 8.73736e-06
1019 2.89528e-05 9.77067e-06
1021 3.70201e-05 1.15855e-05
1023 4.02408e-05 1.66649e-05
1025 3.3787e-05 1.12273e-05
1027 3.0597e-05 1.13415e-05
1029 2.90294e-05 1.17332e-05
1031 3.06526e-05 1.15822e-05
1033 1.7715e-05 6.40361e-06
1035 2.42306e-05 9.25477e-06
1037 2.90124e-05 9.22183e-06
1039 2.58215e-05 8.14794e-06
1041 3.05927e-05 9.30545e-06
1043 2.41468e-05 8.91918e-06
1045 3.70985e-05 9.90768e-06
1047 1.7768e-05 5.54966e-06
1049 2.90968e-05 8.6668e-06
1051 1.77518e-05 5.98966e-06
1053 2.75077e-05 9.45017e-06
1055 3.71794e-05 1.20575e-05
1057 2.10173e-05 7.80354e-06
1059 3.55588e-05 1.19966e-05
1061 2.42635e-05 7.71489e-06
1063 3.07345e-05 9.89179e-06
1065 3.23976e-05 9.72314e-06
1067 2.75454e-05 1.05224e-05
1069 1.94314e-05 6.17544e-06
1071 2.42898e-05 8.67374e-06
1073 2.91866e-05 1.24422e-05
1075 2.10704e-05 7.49273e-06
1077 3.56144e-05 1.08731e-05
1079 2.75545e-05 8.59919e-06
1081 2.58954e-05 9.63169e-06
1083 1.45919e-05 5.6577e-06
1085 1.62557e-05 6.71492e-06
1087 2.43142e-05 8.3767e-06
1089 1.78534e-05 6.44636e-06
1091 3.57173e-05 1.42482e-05
1093 3.40856e-05 1.41951e-05
1095 3.2506e-05 1.05337e-05
1097 2.11599e-05 7.16393e-06
1099 3.25669e-05 8.91231e-06
1101 3.91001e-05 1.13052e-05
1103 3.09787e-05 8.53207e-06
1105 4.40061e-05 1.1259e-05
1107 2.27903e-05 7.28431e-06
1109 1.79045e-05 6.86464e-06
1111 2.27919e-05 7.97603e-06
1113 2.12252e-05 7.17626e-06
1115 2.61499e-05 9.16665e-06
1117 2.12392e-05 6.39102e-06
1119 2.45328e-05 7.79678e-06
1121 2.77864e-05 8.96283e-06
1123 1.96043e-05 6.64481e-06
1125 2.28675e-05 8.64305e-06
1127 1.46972e-05 6.9602e-06
1129 1.96149e-05 8.42055e-06
1131 1.63518e-05 6.73688e-06
1133 2.94328e-05 1.06854e-05
1135 2.94328e-05 1.09318e-05
1137 3.60108e-05 1.07426e-05
1139 2.29389e-05 8.36319e-06
1141 2.63e-05 9.79627e-06
1143 3.44352e-05 1.06759e-05
1145 2.79148e-05 8.06915e-06
1147 3.44196e-05 1.33458e-05
1149 1.14985e-05 4.19119e-06
1151 1.80872e-05 8.02881e-06
1153 9.84747e-06 3.89776e-06
1155 1.31521e-05 4.4601e-06
1157 9.86737e-06 5.61161e-06
1159 1.48258e-05 5.75069e-06
1161 4.94645e-06 2.81268e-06
1163 1.48221e-05 6.20235e-06
1165 1.15049e-05 6.25355e-06
1167 1.80779e-05 8.01116e-06
1169 1.97739e-05 8.80817e-06
1171 1.98043e-05 7.48176e-06
1173 2.14276e-05 7.6167e-06
1175 1.64959e-05 5.4736e-06
1177 1.64812e-05 5.46928e-06
1179 1.97908e-05 6.71804e-06
1181 2.80311e-05 9.05409e-06
1183 1.98311e-05 7.49418e-06
1185 2.97218e-05 9.44797e-06
1187 1.98322e-05 7.12245e-06
1189 2.48191e-05 7.54111e-06
1191 2.14958e-05 6.46738e-06
1193 2.81566e-05 9.08599e-06
1195 2.81494e-05 9.67064e-06
1197 2.31506e-05 7.02395e-06
1199 1.98628e-05 6.31499e-06
1201 2.15549e-05 8.67134e-06
1203 9.95419e-06 4.58659e-06
1205 2.48591e-05 9.77712e-06
1207 2.98256e-05 1.2485e-05
1209 2.81659e-05 1.07543e-05
1211 1.99078e-05 7.8796e-06
1213 2.32092e-05 8.77663e-06
1215 3.15091e-05 9.87159e-06
1217 3.31936e-05 1.24123e-05
1219 4.98674e-05 1.36125e-05
1221 2.4924e-05 9.21281e-06
1223 2.99531e-05 1.00974e-05
1225 2.49379e-05 9.51871e-06
1227 3.1577e-05 9.8809e-06
1229 3.32866e-05 8.8143e-06
1231 4.32678e-05 1.36545e-05
1233 2.99615e-05 9.81667e-06
1235 4.82893e-05 1.25368e-05
1237 2.99732e-05 8.29081e-06
1239 3.99216e-05 1.66504e-05
1241 2.33285e-05 1.00033e-05
1243 3.0017e-05 9.82494e-06
1245 3.49939e-05 1.25292e-05
1247 2.66869e-05 9.6411e-06
1249 1.83628e-05 6.63462e-06
1251 1.83973e-05 6.65189e-06
1253 2.00342e-05 7.20151e-06
1255 2.66959e-05 8.40887e-06
1257 3.34507e-05 1.13427e-05
1259 3.84881e-05 1.00119e-05
1261 3.84532e-05 9.9988e-06
1263 3.18007e-05 9.67813e-06
1265 2.00744e-05 5.43621e-06
1267 2.34022e-05 7.83848e-06
1269 2.34151e-05 7.10018e-06
1271 2.33889e-05 8.51202e-06
1273 2.67137e-05 1.09937e-05
1275 1.00336e-05 3.97145e-06
1277 1.17371e-05 4.89504e-06
1279 8.38849e-06 5.50254e-06
1281 1.84383e-05 7.45641e-06
1283 2.01649e-05 7.2382e-06
1285 2.01272e-05 7.21612e-06
1287 2.68669e-05 8.12904e-06
1289 4.53321e-05 1.34032e-05
1291 3.19452e-05 1.00057e-05
1293 2.52123e-05 1.17423e-05
1295 2.01899e-05 5.46749e-06
1297 2.6908e-05 1.02896e-05
1299 2.35692e-05 1.11696e-05
1301 8.39702e-06 4.35925e-06
1303 1.34858e-05 5.6828e-06
1305 5.06332e-06 2.87914e-06
1307 1.0129e-05 4.00921e-06
1309 1.85572e-05 6.70171e-06
1311 1.51708e-05 6.3499e-06
1313 1.18214e-05 5.47375e-06
1315 1.85828e-05 6.27758e-06
1317 1.69082e-05 7.38075e-06
1319 2.87655e-05 1.31499e-05
1321 2.20196e-05 1.16688e-05
1323 1.69299e-05 7.76411e-06
1325 3.03971e-05 9.9595e-06
1327 3.04394e-05 9.37814e-06
1329 1.35085e-05 5.16144e-06
1331 1.69116e-05 5.61038e-06
1333 1.01187e-05 5.23455e-06
1335 2.37067e-05 8.96699e-06
1337 1.69925e-05 7.41007e-06
1339 2.54526e-05 8.44552e-06
1341 2.71685e-05 8.56864e-06
1343 2.37211e-05 7.19241e-06
1345 1.86884e-05 8.64257e-06
1347 1.52645e-05 5.40966e-06
1349 8.47319e-06 3.69339e-06
1351 1.3556e-05 6.19014e-06
1353 1.35912e-05 6.2072e-06
1355 1.35985e-05 5.72712e-06
1357 6.78547e-06 3.3242e-06
1359 1.01914e-05 4.69669e-06
1361 1.36229e-05 6.22618e-06
1363 1.02273e-05 6.2954e-06
1365 1.19046e-05 6.02256e-06
1367 1.53536e-05 6.43228e-06
1369 1.19046e-05 6.47373e-06
1371 1.70382e-05 6.14426e-06
1373 1.70325e-05 6.13965e-06
1375 1.8755e-05 7.58792e-06
1377 2.72215e-05 1.03996e-05
1379 1.02169e-05 4.04398e-06
1381 1.19469e-05 4.98166e-06
1383 1.53903e-05 6.88491e-06
1385 2.56578e-05 1.28914e-05
1387 1.53757e-05 6.86626e-06
1389 2.0538e-05 8.81849e-06
1391 1.53937e-05 5.46098e-06
1393 1.88454e-05 9.96607e-06
1395 1.37133e-05 8.97384e-06
1397 8.57255e-06 4.45615e-06
1399 1.37204e-05 6.26893e-06
1401 1.37216e-05 5.25007e-06
1403 2.40181e-05 8.41281e-06
1405 2.91218e-05 1.11099e-05
1407 2.5727e-05 9.5034e-06
1409 2.7451e-05 1.1308e-05
1411 1.88595e-05 6.81035e-06
1413 1.71645e-05 6.18973e-06
1415 2.74703e-05 9.32368e-06
1417 2.23271e-05 7.14567e-06
1419 3.43407e-05 1.45644e-05
1421 1.89049e-05 5.90391e-06
1423 2.06204e-05 6.55705e-06
1425 2.57724e-05 8.54527e-06
1427 8.59731e-06 4.47022e-06
1429 1.54844e-05 5.49424e-06
1431 1.89226e-05 5.90196e-06
1433 1.89126e-05 6.82933e-06
1435 2.06731e-05 7.01015e-06
1437 1.72248e-05 5.71151e-06
1439 2.071e-05 7.02222e-06
1441 1.8966e-05 5.92216e-06
1443 2.06946e-05 8.89548e-06
1445 1.72742e-05 8.64523e-06
1447 2.07166e-05 7.8324e-06
1449 3.28336e-05 1.02831e-05
1451 1.21034e-05 5.60714e-06
1453 1.73036e-05 6.7055e-06
1455 2.07143e-05 9.83821e-06
1457 1.21177e-05 5.05321e-06
1459 8.66227e-06 3.77581e-06
1461 3.4656e-06 3.44823e-06
1463 1.21381e-05 5.62638e-06
1465 1.21369e-05 5.6201e-06
1467 1.03958e-05 4.11479e-06
1469 1.21585e-05 8.93873e-06
1471 5.21649e-06 3.85408e-06
1473 1.38956e-05 6.34825e-06
1475 1.562e-05 6.06127e-06
1477 1.91158e-05 9.49982e-06
1479 2.4353e-05 1.10185e-05
1481 1.907e-05 6.88645e-06
1483 1.03968e-05 5.3801e-06
1485 1.38486e-05 9.04985e-06
1487 1.21556e-05 5.07153e-06
1489 6.95593e-06 4.20082e-06
1491 1.21628e-05 5.63382e-06
1493 1.56563e-05 8.19371e-06
1495 8.70872e-06 4.52388e-06
1497 1.04318e-05 5.39998e-06
1499 1.04306e-05 5.39575e-06
1501 6.98579e-06 4.22428e-06
1503 3.47404e-06 2.43183e-06
1505 5.23721e-06 2.97803e-06
1507 6.97486e-06 3.41701e-06
1509 8.76732e-06 5.74687e-06
1511 8.75703e-06 4.55332e-06
1513 8.73925e-06 4.53927e-06
1515 1.2256e-05 5.67789e-06
1517 1.04824e-05 4.83635e-06
1519 1.40076e-05 6.85528e-06
1521 1.22254e-05 7.50444e-06
1523 1.39605e-05 6.82994e-06
1525 8.71294e-06 6.22371e-06
1527 3.50089e-06 2.45066e-06
1529 8.73002e-06 5.16493e-06
1531 8.7644e-06 3.82035e-06
1533 5.27767e-06 3.00102e-06
1535 8.77055e-06 4.56399e-06
1537 8.7828e-06 4.56893e-06
1539 1.04963e-05 4.83568e-06
1541 1.227e-05 4.4724e-06
1543 1.57709e-05 6.60473e-06
1545 1.93439e-05 8.59397e-06
1547 2.46011e-05 9.95231e-06
1549 8.77842e-06 4.56207e-06
1551 8.79143e-06 4.56731e-06
1553 7.01079e-06 4.2347e-06
1555 8.76859e-06 4.55516e-06
1557 7.03308e-06 3.44552e-06
1559 1.77022e-06 1.76135e-06
1561 7.03054e-06 3.44426e-06
1563 8.81189e-06 3.84103e-06
1565 7.03804e-06 4.2486e-06
1567 5.29325e-06 3.00989e-06
1569 1.06002e-05 5.48907e-06
1571 2.11793e-05 8.39282e-06
1573 1.2333e-05 5.70985e-06
1575 1.05821e-05 6.01887e-06
1577 1.23662e-05 5.72826e-06
1579 5.29381e-06 3.91123e-06
1581 1.2363e-05 6.24774e-06
1583 1.7671e-06 1.75824e-06
1585 8.81867e-06 5.77869e-06
1587 1.06065e-05 6.01906e-06
1589 1.59492e-05 7.12899e-06
1591 1.59454e-05 7.54707e-06
1593 1.24049e-05 6.2647e-06
1595 1.24187e-05 6.75207e-06
1597 7.08975e-06 3.47327e-06
1599 1.24376e-05 5.76112e-06
1601 1.24445e-05 6.76931e-06
1603 1.95325e-05 7.88994e-06
1605 1.59466e-05 1.09296e-05
1607 7.09601e-06 4.28759e-06
1609 5.32834e-06 3.02984e-06
1611 3.55556e-06 2.48889e-06
1613 5.34222e-06 3.03772e-06
1615 7.12827e-06 4.3025e-06
1617 1.96015e-05 9.0567e-06
1619 1.59926e-05 6.68905e-06
1621 1.60483e-05 6.2272e-06
1623 1.9569e-05 9.03589e-06
1625 7.12695e-06 3.49148e-06
1627 1.78209e-05 8.90906e-06
1629 1.07195e-05 6.59712e-06
1631 8.91806e-06 4.63337e-06
1633 5.34668e-06 3.04026e-06
1635 7.14222e-06 4.31486e-06
1637 1.42846e-05 6.01687e-06
1639 1.25132e-05 6.3211e-06
1641 5.36453e-06 3.05041e-06
1643 1.25042e-05 7.68453e-06
1645 1.7897e-05 7.3792e-06
1647 1.78963e-05 7.80113e-06
1649 1.25305e-05 5.22056e-06
1651 1.43102e-05 7.00866e-06
1653 5.36004e-06 3.96133e-06
1655 1.07158e-05 5.5391e-06
1657 1.60872e-05 6.73075e-06
1659 1.0726e-05 6.08839e-06
1661 7.17703e-06 4.3442e-06
1663 1.80473e-06 1.79568e-06
1665 1.43655e-05 5.49929e-06
1667 1.25968e-05 6.84841e-06
1669 1.08226e-05 5.60332e-06
1671 8.99195e-06 3.91953e-06
1673 1.25775e-05 5.82048e-06
1675 5.39863e-06 3.9846e-06
1677 5.38891e-06 3.06427e-06
1679 3.61991e-06 3.60176e-06
1681 5.4214e-06 4.00749e-06
1685 8.99326e-06 3.9201e-06
1687 1.25839e-05 5.24242e-06
1689 1.25851e-05 6.36401e-06
1691 2.1601e-05 7.75251e-06
1693 1.62245e-05 7.25337e-06
1695 2.34558e-05 9.76947e-06
1697 1.62258e-05 7.25368e-06
1699 1.62799e-05 8.89914e-06
1701 1.26469e-05 6.39573e-06
1703 7.20722e-06 4.35292e-06
1705 9.0243e-06 4.68907e-06
1707 1.08271e-05 4.98985e-06
1709 1.80781e-05 7.88084e-06
1711 1.63055e-05 6.33141e-06
1713 1.99353e-05 7.64638e-06
1715 3.61208e-06 2.52846e-06
1717 7.22875e-06 3.54136e-06
1719 9.06507e-06 4.71821e-06
1721 1.45088e-05 7.12036e-06
1723 9.05966e-06 3.94903e-06
1725 7.26619e-06 3.55971e-06
1727 1.81851e-06 1.80939e-06
1729 1.82515e-06 1.816e-06
1731 1.27309e-05 6.93055e-06
1733 1.09171e-05 5.0309e-06
1735 5.46151e-06 4.03576e-06
1737 7.27674e-06 4.39956e-06
1739 7.28271e-06 3.5678e-06
1741 5.46354e-06 3.10672e-06
1743 3.64565e-06 2.55196e-06
1745 3.63571e-06 2.545e-06
1747 3.657e-06 2.55991e-06
1749 9.14584e-06 4.75594e-06
1751 1.27609e-05 6.4369e-06
1753 7.30138e-06 3.57696e-06
1755 1.45993e-05 8.4324e-06
1757 9.13457e-06 4.74003e-06
1759 9.13243e-06 5.40417e-06
1761 1.27948e-05 7.86017e-06
1763 1.09691e-05 5.04766e-06
1765 1.09925e-05 5.0643e-06
1767 1.64994e-05 1.13288e-05
1769 1.09724e-05 6.7589e-06
1771 5.49086e-06 3.12225e-06
1773 5.47812e-06 4.04724e-06
1775 5.49623e-06 4.06305e-06
1777 7.31869e-06 4.41787e-06
1779 5.48885e-06 4.05074e-06
1781 5.49087e-06 4.05223e-06
1783 1.83462e-05 7.10433e-06
1785 1.10052e-05 5.07108e-06
1787 2.19985e-05 8.7022e-06
1789 1.28392e-05 5.34493e-06
1791 1.28243e-05 6.97297e-06
1793 9.19228e-06 4.00684e-06
1795 1.83772e-05 9.18198e-06
1797 1.29054e-05 8.3425e-06
1799 7.38418e-06 3.6175e-06
1801 1.47196e-05 8.51039e-06
1803 1.47265e-05 6.20058e-06
1805 1.28975e-05 5.38069e-06
1807 1.10622e-05 4.37861e-06
1809 5.54168e-06 3.15118e-06
1811 1.66099e-05 8.29956e-06
1813 9.25483e-06 4.80938e-06
1815 7.39307e-06 4.4698e-06
1817 3.69344e-06 3.67493e-06
1819 1.10674e-05 5.72855e-06
1821 1.10961e-05 5.74428e-06
1823 1.11043e-05 5.74279e-06
1825 5.54905e-06 3.15532e-06
1827 5.55935e-06 3.16119e-06
1829 5.55935e-06 3.16119e-06
1831 7.43154e-06 4.49136e-06
1833 9.28164e-06 4.04578e-06
1835 1.11407e-05 5.13343e-06
1837 9.27959e-06 6.07823e-06
1839 5.57105e-06 4.11239e-06
1841 1.48259e-05 8.15984e-06
1843 1.67394e-05 1.02244e-05
1845 1.11711e-05 7.82177e-06
1847 1.11559e-05 5.77526e-06
1849 5.5863e-06 3.17652e-06
1851 1.85938e-05 8.10611e-06
1853 1.30207e-05 6.0321e-06
1855 9.28801e-06 4.81944e-06
1857 7.43434e-06 3.64209e-06
1859 3.72996e-06 2.61097e-06
1861 9.29488e-06 6.08394e-06
1863 7.45237e-06 3.65093e-06
1865 1.29908e-05 1.12057e-05
1867 7.45514e-06 3.65228e-06
1869 5.58567e-06 4.12006e-06
1871 3.72373e-06 2.60662e-06
1873 7.45864e-06 5.22109e-06
1875 9.31843e-06 4.83849e-06
1877 1.30562e-05 6.05004e-06
1879 1.12019e-05 4.4339e-06
1881 1.68287e-05 7.05209e-06
1883 9.37629e-06 7.67441e-06
1885 1.12208e-05 6.90978e-06
1887 1.85908e-06 1.84976e-06
1889 1.49222e-05 9.73565e-06
1891 9.30373e-06 6.10035e-06
1893 5.62331e-06 3.19757e-06
1895 7.48588e-06 3.66735e-06
1897 1.31105e-05 7.12655e-06
1899 1.30825e-05 5.45005e-06
1901 5.5925e-06 3.18003e-06
1903 7.49927e-06 3.67393e-06
1905 3.75099e-06 2.62571e-06
1907 5.6367e-06 3.20519e-06
1909 5.65007e-06 3.21277e-06
1911 1.88573e-06 1.87628e-06
1913 1.13186e-05 1.12619e-05
1915 1.13365e-05 7.93926e-06
1917 1.32086e-05 7.18482e-06
1919 1.50624e-05 9.47681e-06
1921 2.07544e-05 1.12933e-05
1923 1.50916e-05 7.39333e-06
1925 1.32308e-05 6.68626e-06
1927 1.13493e-05 6.98648e-06
1929 1.32088e-05 5.50627e-06
1931 7.57291e-06 5.30104e-06
1933 7.55159e-06 3.69955e-06
1935 7.55291e-06 4.55987e-06
1937 3.77295e-06 2.64109e-06
1939 9.43015e-06 4.11053e-06
1941 7.55864e-06 4.56746e-06
1943 1.32637e-05 8.15268e-06
1945 1.13595e-05 6.46747e-06
1947 7.52305e-06 5.26614e-06
1949 1.6961e-05 9.26087e-06
1951 1.13273e-05 5.2136e-06
1953 7.55437e-06 3.70089e-06
1955 1.13251e-05 6.43409e-06
1957 7.55864e-06 4.56274e-06
1959 5.65575e-06 4.17786e-06
1963 5.67151e-06 4.18478e-06
1965 5.688e-06 3.23435e-06
1967 5.68223e-06 3.23107e-06
1969 1.89476e-05 8.2634e-06
1971 1.32358e-05 8.12671e-06
1973 9.47236e-06 4.92911e-06
1975 5.69666e-06 4.21265e-06
1977 2.08858e-05 8.86642e-06
1979 1.32545e-05 6.69008e-06
1981 1.32682e-05 6.69492e-06
1983 5.68293e-06 3.23146e-06
1985 3.78644e-06 2.65051e-06
1987 1.33376e-05 6.18312e-06
1989 1.13672e-05 7.95842e-06
1991 1.52137e-05 7.45538e-06
1993 7.60479e-06 4.58998e-06
1995 5.72788e-06 3.25705e-06
1997 7.64545e-06 4.62662e-06
1999 9.5498e-06 4.96077e-06
2001 7.6541e-06 3.74974e-06
2003 9.58778e-06 5.67272e-06
2005 7.68567e-06 4.645e-06
2007 5.76445e-06 3.27781e-06
2009 3.84986e-06 3.83056e-06
2011 3.85134e-06 3.83203e-06
2013 9.60626e-06 6.30871e-06
2015 1.92715e-06 1.91749e-06
2017 1.91828e-06 1.90866e-06
2019 5.7624e-06 4.26334e-06
2021 1.91314e-06 1.90355e-06
2023 9.62772e-06 6.32173e-06
2025 9.5828e-06 4.9723e-06
2031 1.91022e-06 1.90064e-06
2033 5.7756e-06 3.28417e-06
2035 1.93461e-06 1.92491e-06
2037 1.91241e-06 1.90282e-06
2039 3.84394e-06 3.82467e-06
2041 5.75929e-06 4.25657e-06
2043 3.84689e-06 3.82761e-06
2045 1.92419e-06 1.91454e-06
2049 9.62336e-06 4.99444e-06
2051 7.70952e-06 3.77692e-06
2053 5.77849e-06 4.26832e-06
2055 7.69159e-06 4.64369e-06
2057 3.86551e-06 2.70587e-06
2059 1.15261e-05 8.05628e-06
2061 3.84693e-06 2.69286e-06
2063 7.69682e-06 5.3878e-06
2065 5.78077e-06 4.27336e-06
2067 3.84173e-06 2.68921e-06
2069 3.85656e-06 2.6996e-06
2071 3.86473e-06 3.84536e-06
2073 1.35325e-05 9.95332e-06
2075 5.80383e-06 5.77474e-06
2077 5.80533e-06 4.28814e-06
2079 7.74294e-06 5.42006e-06
2081 1.93686e-06 1.92715e-06
2083 7.74744e-06 4.68063e-06
2085 9.68805e-06 5.73153e-06
2087 7.75419e-06 4.68518e-06
2089 7.7587e-06 6.08488e-06
2091 1.16558e-05 7.16986e-06
2093 7.77835e-06 4.70229e-06
2095 1.36479e-05 8.39251e-06
2097 5.86283e-06 4.33246e-06
2099 7.78674e-06 6.11375e-06
2101 3.89561e-06 2.72693e-06
2103 3.8836e-06 2.71856e-06
2105 3.88511e-06 2.71962e-06
2107 1.95351e-06 1.94372e-06
2109 5.872e-06 4.33855e-06
2111 1.93461e-06 1.92491e-06
2113 1.93536e-06 1.92566e-06
2115 3.89728e-06 2.72815e-06
2117 1.95886e-06 1.94904e-06
2119 7.8165e-06 6.14042e-06
2121 5.85916e-06 4.33435e-06
2123 7.79902e-06 4.70305e-06
2125 1.93986e-06 1.93014e-06
2127 1.96271e-06 1.95287e-06
2129 3.89259e-06 2.72482e-06
2131 1.95198e-06 1.9422e-06
2133 1.95274e-06 1.94295e-06
2137 5.86281e-06 5.83342e-06
2139 1.95503e-06 1.94523e-06
2141 1.9558e-06 1.946e-06
2143 5.87429e-06 4.33955e-06
2147 3.9208e-06 3.90115e-06
2153 1.96271e-06 1.95287e-06
2155 3.92619e-06 2.74833e-06
2157 1.97981e-06 1.96989e-06
2159 3.94639e-06 2.76249e-06
2161 3.94795e-06 2.76358e-06
2163 3.9495e-06 2.76467e-06
2165 9.87646e-06 5.84283e-06
2167 5.91291e-06 4.36481e-06
2169 1.37916e-05 1.01391e-05
2171 9.85691e-06 8.06321e-06
2175 3.9526e-06 2.76683e-06
2177 1.98216e-06 1.97222e-06
2179 5.92771e-06 4.37549e-06
2181 3.95728e-06 2.7701e-06
2183 1.98373e-06 1.97379e-06
2185 1.96812e-06 1.95825e-06
2187 1.96889e-06 1.95902e-06
2191 5.93394e-06 3.37418e-06
2193 9.89441e-06 6.48704e-06
2195 7.92633e-06 6.21109e-06
2197 1.98296e-05 1.06786e-05
2199 1.18891e-05 5.47695e-06
2201 2.38042e-05 1.46419e-05
2203 1.39044e-05 7.57632e-06
2205 1.58488e-05 1.07375e-05
2207 7.93572e-06 6.22297e-06
2209 3.96904e-06 3.94914e-06
2211 7.96582e-06 4.81735e-06
2213 3.9841e-06 2.78888e-06
2215 1.98689e-06 1.97693e-06
2217 5.98688e-06 4.42561e-06
2219 3.96985e-06 2.7789e-06
2221 9.94888e-06 7.09859e-06
2223 3.99205e-06 2.79445e-06
2225 3.97457e-06 2.7822e-06
2227 1.19676e-05 6.82095e-06
2229 1.98138e-06 1.97145e-06
2231 2.00521e-06 1.99516e-06
2233 2.00602e-06 1.99596e-06
2235 5.98217e-06 4.41281e-06
2237 1.98847e-06 1.9785e-06
2241 4.00405e-06 2.80285e-06
2243 6.01094e-06 4.4456e-06
2245 8.04343e-06 8.00311e-06
2247 6.02294e-06 4.45229e-06
2249 4.02902e-06 2.82032e-06
2251 4.02658e-06 4.0064e-06
2253 2.0141e-06 2.004e-06
2255 2.01491e-06 2.00481e-06
2257 6.02293e-06 4.44501e-06
2259 6.05776e-06 4.47559e-06
2261 4.03878e-06 2.82715e-06
2263 1.2105e-05 7.45477e-06
2265 6.06511e-06 4.48103e-06
2273 2.0247e-06 2.01455e-06
2275 2.02552e-06 2.01537e-06
2277 6.04636e-06 4.46546e-06
2279 6.06675e-06 4.48322e-06
2281 2.01329e-06 2.0032e-06
2283 4.04369e-06 2.83059e-06
2285 2.02716e-06 2.017e-06
2289 4.05024e-06 2.83517e-06
2291 6.09303e-06 4.49918e-06
2293 6.0955e-06 4.501e-06
2295 4.05766e-06 2.84038e-06
2297 4.05604e-06 2.83925e-06
2299 4.05361e-06 2.83756e-06
2301 6.09724e-06 4.50851e-06
2303 4.06098e-06 2.84271e-06
2305 4.06756e-06 2.8473e-06
2307 2.02881e-06 2.01864e-06
2311 4.08413e-06 4.06366e-06
2313 2.04123e-06 2.031e-06
2315 8.15002e-06 4.9194e-06
2317 6.10877e-06 4.50905e-06
2319 1.02004e-05 6.03286e-06
2321 6.09388e-06 4.50403e-06
2323 6.10625e-06 6.07564e-06
2325 8.11609e-06 4.90114e-06
2327 2.02799e-06 2.01782e-06
2329 2.02799e-06 2.01782e-06
2331 2.05044e-06 2.04016e-06
2333 4.09085e-06 2.86361e-06
2335 6.13126e-06 3.4864e-06
2339 6.14213e-06 3.49258e-06
2341 1.22784e-05 7.55616e-06
2343 1.02372e-05 5.31977e-06
2345 4.10091e-06 2.87065e-06
2347 4.08747e-06 4.06698e-06
2349 6.14126e-06 3.49207e-06
2351 2.04541e-06 2.03516e-06
2357 4.09584e-06 4.07531e-06
2361 2.0496e-06 2.03933e-06
2365 2.04876e-06 2.03849e-06
2367 4.10172e-06 2.8712e-06
2369 2.05297e-06 2.04268e-06
2373 6.16565e-06 4.55355e-06
2375 2.05297e-06 2.04268e-06
2377 2.05381e-06 2.04352e-06
2379 2.05719e-06 2.04688e-06
2383 2.0555e-06 2.0452e-06
2385 4.11607e-06 2.88125e-06
2387 4.11777e-06 2.88244e-06
2389 1.03072e-05 5.35577e-06
2391 1.03123e-05 6.09887e-06
2393 1.85759e-05 1.09564e-05
2395 3.1011e-05 2.11707e-05
2397 1.03481e-05 8.47382e-06
2399 1.03456e-05 5.3777e-06
2401 1.44566e-05 7.30211e-06
2403 1.03423e-05 5.37783e-06
2405 1.23968e-05 6.41999e-06
2407 1.03371e-05 4.50588e-06
2409 1.23721e-05 8.64913e-06
2411 1.64864e-05 1.0772e-05
2413 6.19452e-06 3.52236e-06
2415 1.65179e-05 8.60346e-06
2417 2.06836e-05 1.03402e-05
2419 6.2005e-06 3.52576e-06
2421 6.20307e-06 3.52722e-06
2423 4.13223e-06 2.89256e-06
2425 8.27308e-06 6.48136e-06
2427 6.2383e-06 6.20703e-06
2429 4.14684e-06 2.9028e-06
2433 4.17537e-06 2.92276e-06
2435 6.26001e-06 3.5596e-06
2437 6.26262e-06 3.56108e-06
2439 6.26524e-06 3.56257e-06
2441 4.17712e-06 2.92399e-06
2443 4.17887e-06 2.92521e-06
2445 1.25261e-05 1.05694e-05
2447 6.25484e-06 3.55667e-06
2449 8.35256e-06 4.09193e-06
2451 2.07598e-06 2.06557e-06
2453 6.24099e-06 3.5488e-06
2455 2.09161e-06 2.08113e-06
2457 8.34739e-06 5.03628e-06
2459 6.28537e-06 4.6409e-06
2465 2.10128e-06 2.09075e-06
2467 6.28293e-06 3.57268e-06
2469 6.29249e-06 3.57809e-06
2471 4.16581e-06 2.91607e-06
2473 4.17449e-06 4.15357e-06
2475 4.17624e-06 4.15531e-06
2479 6.28889e-06 4.648e-06
2481 6.28188e-06 4.63701e-06
2483 8.40343e-06 5.07732e-06
2485 8.41665e-06 6.59669e-06
2487 4.21675e-06 2.95173e-06
2489 2.11193e-06 2.10134e-06
2491 2.09161e-06 2.08113e-06
2493 2.09249e-06 2.082e-06
2497 4.22299e-06 2.9561e-06
2499 6.33314e-06 4.67536e-06
2501 4.22656e-06 2.9586e-06
2503 6.34385e-06 4.68406e-06
2505 6.35191e-06 4.69325e-06
2507 6.35013e-06 4.69328e-06
2509 2.11551e-06 2.10491e-06
2511 1.05749e-05 6.93702e-06
2513 1.05793e-05 6.93995e-06
2515 1.05589e-05 6.93077e-06
2517 4.22922e-06 4.20802e-06
2519 2.11551e-06 2.10491e-06
2521 2.12089e-06 2.11026e-06
2523 2.12811e-06 2.11744e-06
2525 4.23819e-06 2.96673e-06
2527 6.36991e-06 3.62209e-06
2529 8.4792e-06 4.15398e-06
2531 8.48373e-06 5.12547e-06
2533 8.49546e-06 5.13987e-06
2535 1.0678e-05 5.55394e-06
2537 1.27401e-05 6.60183e-06
2539 1.27446e-05 6.58688e-06
2541 6.35651e-06 4.68883e-06
2543 6.38071e-06 4.71236e-06
2545 6.37174e-06 3.62314e-06
2547 1.06255e-05 6.28976e-06
2549 1.27633e-05 7.2607e-06
2551 1.69918e-05 8.84236e-06
2553 4.26167e-06 4.24031e-06
2555 4.26348e-06 4.24211e-06
2557 2.13265e-06 2.12196e-06
2561 6.39524e-06 4.7261e-06
2563 1.06606e-05 7.61592e-06
2565 8.55984e-06 5.9919e-06
2567 8.57637e-06 5.18181e-06
2569 8.54078e-06 6.6878e-06
2571 8.57372e-06 5.1869e-06
2573 4.2928e-06 3.00497e-06
2575 1.07237e-05 5.56923e-06
2577 1.5001e-05 6.95394e-06
2579 1.28271e-05 5.90278e-06
2581 1.28519e-05 5.087e-06
2583 6.41178e-06 3.64594e-06
2585 6.39341e-06 4.72283e-06
2587 6.39613e-06 4.72484e-06
2589 2.13904e-06 2.12832e-06
2591 2.13995e-06 2.12922e-06
2593 8.59944e-06 5.19633e-06
2595 1.29338e-05 9.55652e-06
2597 8.61143e-06 5.20032e-06
2599 1.29199e-05 7.94921e-06
2601 8.60414e-06 4.21519e-06
2603 8.6013e-06 5.1986e-06
2605 6.44843e-06 4.76682e-06
2607 2.15216e-05 1.27308e-05
2609 3.88071e-05 1.7635e-05
2611 1.93482e-05 8.64853e-06
2613 1.51253e-05 7.66089e-06
2615 4.28908e-06 3.00236e-06
2617 4.30574e-06 3.01403e-06
2619 8.618e-06 5.20066e-06
2621 8.61987e-06 4.22289e-06
2623 8.64246e-06 4.23401e-06
2625 6.49322e-06 3.69225e-06
2627 1.5132e-05 9.27059e-06
2629 8.62172e-06 5.20595e-06
2631 2.16873e-06 2.15786e-06
2633 2.16967e-06 2.15879e-06
2637 4.37541e-06 4.35348e-06
2641 2.17155e-06 2.16066e-06
2647 6.52316e-06 6.49046e-06
2649 8.67312e-06 6.07122e-06
2651 4.32432e-06 4.30264e-06
2653 4.3262e-06 4.30451e-06
2655 2.16403e-06 2.15318e-06
2657 2.16497e-06 2.15412e-06
2661 2.16873e-06 2.15786e-06
2665 6.51183e-06 6.47919e-06
2691 4.39489e-06 3.07651e-06
2693 6.60562e-06 4.8732e-06
2695 2.18293e-06 2.17199e-06
2697 2.18388e-06 2.17293e-06
2719 2.20507e-06 2.19402e-06
2735 6.60647e-06 6.57335e-06
2743 2.20604e-06 2.19498e-06
2745 2.20702e-06 2.19596e-06
2747 4.43963e-06 3.10779e-06
2749 2.23264e-06 2.22145e-06
2751 6.69197e-06 4.9455e-06
2753 8.91169e-06 6.98444e-06
2755 6.64159e-06 4.90382e-06
2757 8.85741e-06 6.94334e-06
2759 6.66228e-06 3.78835e-06
2761 4.45938e-06 3.12159e-06
2773 2.22074e-06 2.20961e-06
2775 6.7151e-06 4.96745e-06
2777 6.74006e-06 6.70628e-06
2779 2.2237e-06 2.21255e-06
2781 2.22469e-06 2.21354e-06
2783 2.22568e-06 2.21452e-06
2785 4.47741e-06 3.13423e-06
2787 2.25175e-06 2.24046e-06
2789 4.50755e-06 4.48496e-06
2791 9.01917e-06 8.97396e-06
2795 2.25683e-06 2.24552e-06
2797 2.25785e-06 2.24653e-06
2799 2.25887e-06 2.24755e-06
2801 6.79095e-06 3.86151e-06
2803 6.79402e-06 3.86325e-06
2807 6.74225e-06 3.83385e-06
2809 9.02643e-06 5.45947e-06
2811 1.13179e-05 7.42425e-06
2813 1.13148e-05 6.69256e-06
2815 4.53412e-06 4.51139e-06
2817 2.26112e-05 1.08432e-05
2819 1.12907e-05 5.86043e-06
2821 6.76137e-06 3.84469e-06
2823 4.50147e-06 3.15103e-06
2825 9.03362e-06 4.4256e-06
2827 4.51892e-06 3.1633e-06
2829 2.24669e-06 2.23543e-06
2831 4.52301e-06 3.16617e-06
2837 2.27842e-06 2.267e-06
2841 6.81354e-06 5.03353e-06
2843 2.27015e-06 2.25877e-06
2845 2.27428e-06 2.26288e-06
2849 2.27428e-06 2.26288e-06
2851 4.51977e-06 4.49711e-06
2853 6.79503e-06 5.02078e-06
2855 6.79195e-06 5.0148e-06
2857 6.81258e-06 3.87382e-06
2859 2.26398e-06 2.25263e-06
2861 2.26501e-06 2.25366e-06
2865 4.55173e-06 3.18624e-06
2867 2.28571e-06 2.27425e-06
2869 4.57352e-06 4.55059e-06
2871 2.28781e-06 2.27634e-06
2873 4.57771e-06 4.55476e-06
2883 2.2941e-06 2.2826e-06
2885 2.29516e-06 2.28366e-06
2889 2.30468e-06 2.29313e-06
2891 2.31965e-06 2.30802e-06
2893 4.62753e-06 3.23929e-06
2895 4.62967e-06 3.24078e-06
2899 2.28467e-06 2.27322e-06
2901 4.65008e-06 4.62677e-06
2903 1.85347e-05 9.6476e-06
2905 9.30233e-06 6.51163e-06
2907 2.32829e-06 2.31662e-06
2909 9.27542e-06 7.26727e-06
2911 6.96331e-06 5.13901e-06
2913 2.33155e-06 2.31986e-06
2915 6.94071e-06 5.12428e-06
2917 6.96973e-06 5.14959e-06
2919 1.16492e-05 7.64802e-06
2921 1.8645e-05 1.0786e-05
2923 2.33493e-05 1.70102e-05
2925 1.6321e-05 8.88997e-06
2927 9.31335e-06 6.51942e-06
2929 1.39548e-05 1.02943e-05
2931 2.31965e-06 2.30802e-06
2933 1.16036e-05 1.15454e-05
2935 1.16525e-05 8.31434e-06
2937 1.16731e-05 6.90993e-06
2939 4.64792e-06 4.62462e-06
2941 4.67191e-06 3.27037e-06
2943 6.97837e-06 6.94339e-06
2945 7.00348e-06 5.16635e-06
2947 4.65658e-06 4.63324e-06
2949 4.67734e-06 3.27416e-06
2951 2.33046e-06 2.31878e-06
2953 2.33155e-06 2.31986e-06
2955 7.01987e-06 5.17843e-06
2957 1.17224e-05 6.08291e-06
2959 7.04512e-06 4.00606e-06
2961 7.0616e-06 4.0154e-06
2963 4.70035e-06 4.67679e-06
2969 4.70267e-06 3.29191e-06
2971 4.69044e-06 3.28331e-06
2973 2.36128e-06 2.34944e-06
2975 2.36239e-06 2.35055e-06
2977 4.7093e-06 3.29654e-06
2979 4.70699e-06 4.6834e-06
2981 7.06613e-06 4.018e-06
2983 2.34577e-06 2.33401e-06
2985 4.70369e-06 3.29259e-06
2987 4.69594e-06 4.6724e-06
2989 7.05719e-06 5.20957e-06
2991 4.72032e-06 4.69666e-06
2993 7.05961e-06 5.20571e-06
2995 2.34467e-06 2.33292e-06
2997 9.441e-06 6.60883e-06
2999 1.896e-05 1.45149e-05
3001 7.09175e-06 4.03257e-06
3003 1.89378e-05 1.36917e-05
3005 1.18412e-05 7.00815e-06
3007 7.12316e-06 5.26673e-06
3009 2.36351e-06 2.35166e-06
3011 2.36351e-06 2.35166e-06
3013 2.36463e-06 2.35278e-06
3015 9.4787e-06 6.6351e-06
3017 9.47532e-06 7.42697e-06
3019 2.37586e-06 2.36395e-06
3021 4.7461e-06 3.32227e-06
3023 4.73597e-06 4.71223e-06
3027 4.76077e-06 4.73691e-06
3031 2.35793e-06 2.34611e-06
3033 4.74284e-06 3.32003e-06
3035 2.38493e-06 2.37298e-06
3037 4.771e-06 3.3397e-06
3039 4.78931e-06 3.35253e-06
3041 1.19567e-05 9.7782e-06
3043 1.42728e-05 8.08909e-06
3045 4.77897e-06 4.75502e-06
3047 2.39063e-06 2.37865e-06
3049 4.75863e-06 3.33109e-06
3051 7.16996e-06 4.07712e-06
3053 2.36911e-06 2.35723e-06
3055 2.39521e-06 2.3832e-06
3057 2.40906e-06 2.39698e-06
3059 4.76999e-06 3.33904e-06
3061 2.39866e-06 2.38664e-06
3063 1.19766e-05 6.23665e-06
3065 2.15874e-05 1.07841e-05
3067 1.4405e-05 8.19535e-06
3069 2.40327e-06 2.39122e-06
3073 2.38039e-06 2.36846e-06
3077 2.38265e-06 2.37071e-06
3079 4.84379e-06 4.81951e-06
3081 4.84614e-06 4.82185e-06
3083 2.42424e-06 2.41209e-06
3085 4.85084e-06 4.82652e-06
3091 4.865e-06 4.84061e-06
3093 4.78583e-06 4.76184e-06
3095 2.39406e-06 2.38206e-06
3097 2.39521e-06 2.3832e-06
3101 4.79501e-06 4.77097e-06
3103 4.81821e-06 3.37278e-06
3105 1.68195e-05 1.45037e-05
3107 1.44058e-05 1.43336e-05
3109 9.60846e-06 9.5603e-06
3111 1.44196e-05 1.43473e-05
3113 9.6177e-06 9.56949e-06
3115 9.62116e-06 7.54565e-06
3117 1.44404e-05 1.4368e-05
3119 4.8158e-06 4.79166e-06
3121 7.2685e-06 5.35634e-06
3125 2.45038e-06 2.4381e-06
3127 4.86413e-06 3.405e-06
3129 2.45278e-06 2.44049e-06
3131 2.45399e-06 2.44169e-06
3133 4.87123e-06 3.40997e-06
3135 9.66884e-06 9.62037e-06
3137 1.69737e-05 1.24599e-05
3139 1.46005e-05 8.97797e-06
3141 1.21417e-05 9.91614e-06
3143 1.94133e-05 1.70205e-05
3145 1.21224e-05 9.91847e-06
3147 2.42424e-06 2.41209e-06
3149 2.42542e-06 2.41326e-06
3151 2.43724e-06 2.42502e-06
3153 2.42777e-06 2.4156e-06
3155 2.42895e-06 2.41677e-06
3161 2.45881e-06 2.44649e-06
3163 2.45519e-06 2.44288e-06
3169 2.47709e-06 2.46467e-06
3171 9.8127e-06 4.80732e-06
3173 1.22966e-05 8.07585e-06
3175 9.83778e-06 6.88648e-06
3177 9.8743e-06 5.96558e-06
3179 4.95546e-06 3.46884e-06
3181 7.42153e-06 4.22008e-06
3183 4.9313e-06 3.45203e-06
3185 4.95172e-06 4.9269e-06
3187 7.38142e-06 4.1973e-06
3189 4.89836e-06 4.87381e-06
3193 2.45158e-06 2.43929e-06
3195 4.94592e-06 3.46226e-06
3199 2.45761e-06 2.44529e-06
3201 4.95569e-06 3.46909e-06
3203 4.95815e-06 3.47081e-06
3209 2.46366e-06 2.45131e-06
3211 2.46488e-06 2.45252e-06
3213 2.50438e-06 2.49183e-06
3215 5.01128e-06 4.98616e-06
3219 2.49439e-06 2.48189e-06
3231 4.94927e-06 4.92446e-06
3239 1.00376e-05 7.02635e-06
3241 1.00427e-05 7.02988e-06
3243 2.50941e-06 2.49683e-06
3245 5.02134e-06 4.99617e-06
3247 7.5358e-06 7.49803e-06
3249 5.02639e-06 5.00119e-06
3251 5.02892e-06 5.00371e-06
3253 1.00629e-05 1.00125e-05
3255 1.0068e-05 1.00175e-05
3257 1.51134e-05 1.27522e-05
3259 1.26014e-05 1.03125e-05
3261 1.26193e-05 1.03316e-05
3263 7.5662e-06 7.52827e-06
3267 7.55738e-06 5.58698e-06
3269 7.54471e-06 5.56771e-06
3271 7.59326e-06 5.61779e-06
3273 2.51193e-06 2.49934e-06
3275 2.54388e-06 2.53113e-06
3277 2.54518e-06 2.53242e-06
3281 2.51699e-06 2.50437e-06
3289 2.55297e-06 2.54017e-06
3291 2.55428e-06 2.54148e-06
3293 2.55558e-06 2.54277e-06
3295 5.10074e-06 5.07517e-06
3297 2.5582e-06 2.54538e-06
3299 2.04239e-05 1.12367e-05
3301 5.11119e-06 3.57784e-06
3303 5.1138e-06 3.57967e-06
3305 2.55297e-06 2.54017e-06
3307 1.02276e-05 8.01568e-06
3309 5.12166e-06 3.58517e-06
3311 5.12428e-06 3.587e-06
3313 7.6474e-06 5.65674e-06
3315 5.0918e-06 3.56431e-06
3317 1.02433e-05 1.0192e-05
3319 1.2769e-05 9.12595e-06
3323 1.27379e-05 8.33427e-06
3325 2.56213e-06 2.54929e-06
3327 2.56345e-06 2.5506e-06
3329 1.02071e-05 6.15806e-06
3331 2.54647e-06 2.53371e-06
3333 7.65515e-06 5.64719e-06
3335 7.70614e-06 7.66751e-06
3341 2.574e-06 2.5611e-06
3343 2.57533e-06 2.56242e-06
3349 2.55428e-06 2.54148e-06
3353 5.16929e-06 5.14338e-06
3355 2.58598e-06 2.57302e-06
3357 2.58732e-06 2.57435e-06
3361 2.55689e-06 2.54407e-06
3363 5.18269e-06 5.15671e-06
3365 7.74489e-06 5.73057e-06
3367 7.71567e-06 5.68901e-06
3369 5.19076e-06 5.16474e-06
3371 2.59673e-06 2.58371e-06
3373 2.59808e-06 2.58506e-06
3375 2.59943e-06 2.5864e-06
3377 2.60078e-06 2.58774e-06
3381 5.17759e-06 3.62441e-06
3383 1.02907e-05 8.06766e-06
3385 5.15066e-06 3.60546e-06
3387 7.79185e-06 4.43073e-06
3393 5.19906e-06 3.63941e-06
3395 7.81888e-06 5.785e-06
3397 5.19914e-06 3.6395e-06
3399 2.58198e-06 2.56904e-06
3401 1.81143e-05 1.56141e-05
3403 5.16929e-06 5.14338e-06
3405 1.55781e-05 1.14877e-05
3407 5.21268e-06 3.64898e-06
3409 2.58866e-06 2.57568e-06
3413 5.22084e-06 3.65469e-06
3415 2.59269e-06 2.57969e-06
3419 7.78614e-06 7.74711e-06
3421 7.79018e-06 7.75113e-06
3423 1.55885e-05 1.55104e-05
3425 5.19886e-06 5.1728e-06
3427 2.60078e-06 2.58774e-06
3431 7.87914e-06 5.83008e-06
3433 2.60485e-06 2.59179e-06
3435 7.88743e-06 5.83623e-06
3437 7.92463e-06 5.85369e-06
3439 7.92882e-06 5.85678e-06
3441 2.6448e-06 2.63154e-06
3443 1.31386e-05 8.5863e-06
3445 5.27188e-06 3.69046e-06
3447 1.04575e-05 1.04051e-05
3451 5.30786e-06 3.7155e-06
3453 5.31067e-06 3.71747e-06
3455 5.3135e-06 3.71945e-06
3457 2.66738e-06 2.65401e-06
3459 5.3376e-06 5.31084e-06
3461 8.00357e-06 5.91372e-06
3463 5.32482e-06 3.72738e-06
3471 2.66596e-06 2.6526e-06
3473 1.07038e-05 8.39961e-06
3475 2.6688e-06 2.65542e-06
3477 5.34474e-06 3.74132e-06
3479 1.06909e-05 8.38196e-06
3481 8.02783e-06 5.93079e-06
3483 2.67881e-06 2.66538e-06
3485 2.67451e-06 2.6611e-06
3489 2.68312e-06 2.66967e-06
3491 2.68456e-06 2.6711e-06
3499 2.68456e-06 2.6711e-06
3505 2.69469e-06 2.68118e-06
3511 8.07537e-06 8.03489e-06
3513 2.69324e-06 2.67974e-06
3523 2.66596e-06 2.6526e-06
3525 2.66738e-06 2.65401e-06
3539 8.03213e-06 7.99187e-06
3543 2.68025e-06 2.66682e-06
3545 2.68168e-06 2.66824e-06
3557 2.69179e-06 2.6783e-06
3569 2.70051e-06 2.68697e-06
3571 5.40394e-06 5.37685e-06
3593 2.71813e-06 2.70451e-06
3597 2.72109e-06 2.70745e-06
3599 2.72257e-06 2.70892e-06
3601 2.72405e-06 2.7104e-06
3621 2.73898e-06 2.72525e-06
3623 2.74048e-06 2.72674e-06
3633 2.74801e-06 2.73424e-06
3661 2.76932e-06 2.75544e-06
3663 2.77085e-06 2.75696e-06
3667 2.8177e-06 2.80358e-06
3669 5.63857e-06 5.61031e-06
3671 8.41876e-06 6.23156e-06
3673 2.77855e-06 2.76462e-06
3695 5.6802e-06 5.65173e-06
3697 1.13224e-05 8.90059e-06
3699 2.79877e-06 2.78474e-06
3701 5.64529e-06 3.95183e-06
3703 1.41882e-05 1.16398e-05
3705 5.60695e-06 5.57884e-06
3707 1.13097e-05 7.91706e-06
3709 8.5095e-06 6.29888e-06
3711 8.51433e-06 6.30246e-06
3713 1.12391e-05 1.11828e-05
3715 5.62272e-06 5.59454e-06
3719 2.81452e-06 2.80041e-06
3727 5.7323e-06 5.70357e-06
3731 5.67387e-06 3.97175e-06
3733 8.50275e-06 6.27256e-06
3735 2.82725e-06 2.81308e-06
3737 5.73904e-06 4.01738e-06
3739 2.85633e-06 2.84201e-06
3747 5.67376e-06 5.64532e-06
3749 5.67698e-06 5.64852e-06
3751 8.52031e-06 8.4776e-06
3753 1.70503e-05 1.69648e-05
3755 5.68666e-06 5.65816e-06
3757 5.6899e-06 5.66138e-06
3759 2.84657e-06 2.8323e-06
3761 2.84819e-06 2.83391e-06
3763 5.69963e-06 5.67106e-06
3765 2.85144e-06 2.83715e-06
3767 2.85307e-06 2.83877e-06
3771 2.85633e-06 2.84201e-06
3775 2.9163e-06 2.90168e-06
3783 2.92312e-06 2.90847e-06
3807 2.886e-06 2.87153e-06
3809 2.88767e-06 2.8732e-06
3813 8.73871e-06 8.69491e-06
3815 2.9146e-06 2.89999e-06
3817 5.8326e-06 5.80336e-06
3819 5.84112e-06 4.08879e-06
3821 2.91971e-06 2.90507e-06
3823 5.84283e-06 5.81354e-06
3825 2.92312e-06 2.90847e-06
3833 2.93513e-06 2.92042e-06
3835 2.93686e-06 2.92214e-06
3847 2.94204e-06 2.92729e-06
3849 2.94377e-06 2.92901e-06
3851 2.94551e-06 2.93075e-06
3853 2.92483e-06 2.91017e-06
3855 5.85309e-06 5.82375e-06
3857 5.85652e-06 5.82716e-06
3859 2.92997e-06 2.91528e-06
3863 8.93174e-06 6.6116e-06
3865 5.94215e-06 4.15964e-06
3871 8.8574e-06 8.813e-06
3873 5.90842e-06 5.8788e-06
3879 2.95946e-06 2.94463e-06
3885 2.96472e-06 2.94986e-06
3889 3.01659e-06 3.00147e-06
3891 3.01841e-06 3.00328e-06
3893 8.95147e-06 5.09022e-06
3895 5.94707e-06 5.91726e-06
3897 5.95061e-06 5.92078e-06
3899 2.97708e-06 2.96216e-06
3907 2.97177e-06 2.95687e-06
3921 2.9967e-06 2.98168e-06
3923 5.997e-06 5.96694e-06
3925 3.0003e-06 2.98526e-06
3927 6.00795e-06 4.20561e-06
3929 2.99133e-06 2.97634e-06
3931 5.99883e-06 4.19919e-06
3933 6.03141e-06 4.222e-06
3943 3.03306e-06 3.01786e-06
3945 3.01841e-06 3.00328e-06
3947 6.04047e-06 6.01019e-06
3949 3.02206e-06 3.00691e-06
3957 3.04044e-06 3.0252e-06
3959 1.21859e-05 9.54842e-06
3961 1.21712e-05 7.34523e-06
3963 6.09756e-06 4.26829e-06
3965 1.831e-05 9.46296e-06
3967 6.10501e-06 4.27351e-06
3969 9.13805e-06 6.74451e-06
3971 6.10133e-06 4.27095e-06
3973 6.08828e-06 6.05776e-06
3975 3.05717e-06 3.04185e-06
3977 3.04785e-06 3.03257e-06
3979 3.04971e-06 3.03442e-06
3981 3.05157e-06 3.03627e-06
3983 3.07031e-06 3.05492e-06
3985 6.1275e-06 4.28927e-06
3987 6.11434e-06 6.08369e-06
3999 6.17093e-06 6.14e-06
4001 9.26212e-06 9.21569e-06
4003 6.17856e-06 6.14759e-06
4005 1.23306e-05 8.63142e-06
4007 6.1862e-06 6.15519e-06
4009 3.09502e-06 3.07951e-06
4019 3.10463e-06 3.08907e-06
4021 3.10655e-06 3.09098e-06
4027 3.09502e-06 3.07951e-06
4029 3.08356e-06 3.0681e-06
4035 3.12012e-06 3.10448e-06
4043 3.09693e-06 3.08141e-06
4045 6.25978e-06 6.2284e-06
4047 3.11429e-06 3.09868e-06
4049 3.11624e-06 3.10062e-06
4051 3.11818e-06 3.10255e-06
4053 3.12012e-06 3.10448e-06
4055 3.12207e-06 3.10642e-06
4059 1.25216e-05 9.81123e-06
4061 3.12793e-06 3.11225e-06
4063 3.1837e-06 3.16774e-06
4065 9.42209e-06 6.93926e-06
4071 6.31114e-06 6.27951e-06
4075 3.15956e-06 3.14372e-06
4077 6.32311e-06 6.29142e-06
4079 3.16356e-06 3.1477e-06
4089 9.63082e-06 9.58254e-06
4097 1.28373e-05 1.00849e-05
4099 3.22061e-06 3.20447e-06
4101 9.66806e-06 9.6196e-06
4103 3.22477e-06 3.20861e-06
4105 6.41664e-06 4.49172e-06
4107 6.42076e-06 4.49461e-06
4109 3.19387e-06 3.17786e-06
4113 6.4704e-06 6.43797e-06
4115 3.2e-06 3.18396e-06
4117 3.20205e-06 3.186e-06
4121 3.24359e-06 3.22733e-06
4123 3.2457e-06 3.22943e-06
4125 6.49562e-06 6.46306e-06
4127 3.24992e-06 3.23363e-06
4129 6.47888e-06 4.53525e-06
4131 1.29035e-05 1.01013e-05
4133 6.44956e-06 4.5147e-06
4135 1.61031e-05 1.60224e-05
4137 1.28744e-05 7.78156e-06
4139 3.19591e-06 3.17989e-06
4141 6.39182e-06 4.47427e-06
4143 6.4e-06 6.36792e-06
4145 9.6395e-06 7.10629e-06
4147 9.71191e-06 7.1696e-06
4149 1.62264e-05 1.32893e-05
4151 1.29618e-05 1.01589e-05
4153 3.25203e-06 3.23573e-06
4155 1.29162e-05 6.32773e-06
4157 3.24359e-06 3.22733e-06
4159 3.25839e-06 3.24206e-06
4161 6.49562e-06 6.46306e-06
4165 3.29056e-06 3.27407e-06
4167 1.61705e-05 9.55132e-06
4169 3.29489e-06 3.27837e-06
4171 9.8189e-06 7.27445e-06
4175 3.30142e-06 3.28487e-06
4177 3.29056e-06 3.27407e-06
4179 3.27976e-06 3.26332e-06
4181 6.58989e-06 4.61296e-06
4183 3.31016e-06 3.29357e-06
4185 3.31236e-06 3.29576e-06
4187 1.31121e-05 9.17904e-06
4189 6.56034e-06 4.59253e-06
4197 1.64808e-05 1.1795e-05
4201 3.25627e-06 3.23995e-06
4203 1.30463e-05 9.13244e-06
4205 3.26052e-06 3.24418e-06
4207 3.33667e-06 3.31994e-06
4213 3.34336e-06 3.3266e-06
4215 3.3456e-06 3.32883e-06
4217 3.34784e-06 3.33106e-06
4233 3.29707e-06 3.28054e-06
4249 3.37496e-06 3.35804e-06
4251 3.37724e-06 3.36031e-06
4253 3.37952e-06 3.36258e-06
4255 3.38181e-06 3.36486e-06
4257 1.01523e-05 1.01014e-05
4259 3.38639e-06 3.36942e-06
4261 1.35547e-05 1.34868e-05
4263 6.78196e-06 6.74796e-06
4265 3.39328e-06 3.37627e-06
4269 3.36587e-06 3.349e-06
4279 3.34113e-06 3.32438e-06
4289 3.42114e-06 3.40399e-06
4291 3.4188e-06 3.40166e-06
4293 3.42114e-06 3.40399e-06
4297 6.72269e-06 6.68899e-06
4299 3.43289e-06 3.41568e-06
4301 1.01989e-05 5.79953e-06
4303 6.80967e-06 6.77554e-06
4305 3.40716e-06 3.39008e-06
4307 3.37724e-06 3.36031e-06
4309 1.02031e-05 7.54598e-06
4311 1.02101e-05 7.55112e-06
4313 1.0217e-05 7.55626e-06
4315 1.02564e-05 1.0205e-05
4317 1.01985e-05 7.52308e-06
4319 6.81447e-06 4.77018e-06
4321 1.36708e-05 1.07365e-05
4323 1.02519e-05 7.58213e-06
4327 3.43289e-06 3.41568e-06
4329 3.43525e-06 3.41803e-06
4341 1.03484e-05 1.02965e-05
4343 3.45185e-06 3.43455e-06
4345 3.45423e-06 3.43692e-06
4347 3.45662e-06 3.43929e-06
4351 6.92281e-06 6.88811e-06
4353 3.4638e-06 3.44644e-06
4359 3.47102e-06 3.45362e-06
4361 3.47343e-06 3.45602e-06
4365 3.47826e-06 3.46083e-06
4367 6.96136e-06 6.92647e-06
4369 6.96621e-06 6.93129e-06
4371 6.97107e-06 6.93613e-06
4373 6.97593e-06 6.94096e-06
4375 3.4904e-06 3.4729e-06
4377 3.49284e-06 3.47533e-06
4379 3.49528e-06 3.47776e-06
4381 1.39909e-05 1.39208e-05
4385 3.50263e-06 3.48507e-06
4387 3.50018e-06 3.48264e-06
4425 3.51247e-06 3.49486e-06
4427 1.05448e-05 1.04919e-05
4429 7.03482e-06 6.99956e-06
4431 7.03977e-06 7.00448e-06
4433 3.53982e-06 3.52208e-06
4447 7.16076e-06 7.12487e-06
4453 3.54736e-06 3.52958e-06
4455 3.54988e-06 3.53209e-06
4457 7.14564e-06 5.00203e-06
4459 7.15075e-06 5.00561e-06
4461 3.55745e-06 3.53962e-06
4463 3.55999e-06 3.54215e-06
4465 3.56252e-06 3.54466e-06
4469 3.56761e-06 3.54973e-06
4475 7.15052e-06 7.11468e-06
4477 1.78891e-05 1.77994e-05
4479 1.79019e-05 1.78122e-05
4481 3.58295e-06 3.56499e-06
4487 1.43627e-05 1.42907e-05
4489 1.08633e-05 8.0365e-06
4491 7.19166e-06 7.15561e-06
4493 7.19683e-06 7.16076e-06
4497 3.6036e-06 3.58554e-06
4499 7.2545e-06 5.07824e-06
4507 3.61664e-06 3.59851e-06
4513 3.6245e-06 3.60633e-06
4515 3.62713e-06 3.60895e-06
4517 1.08893e-05 1.08347e-05
4519 1.08972e-05 1.08426e-05
4521 1.45402e-05 1.44673e-05
4523 3.63769e-06 3.61946e-06
4525 3.64033e-06 3.62208e-06
4527 3.64299e-06 3.62473e-06
4529 3.64564e-06 3.62737e-06
4533 3.65097e-06 3.63267e-06
4535 7.30727e-06 7.27064e-06
4537 3.65631e-06 3.63798e-06
4539 3.69686e-06 3.67833e-06
4541 7.36125e-06 5.15294e-06
4543 7.32869e-06 7.29195e-06
4547 3.66972e-06 3.65133e-06
4549 7.34484e-06 7.30802e-06
4551 3.75799e-06 3.73915e-06
4553 1.47943e-05 1.15626e-05
4555 7.44417e-06 5.21125e-06
4557 1.12162e-05 8.30986e-06
4559 7.37191e-06 7.33496e-06
4561 1.47547e-05 1.46807e-05
4571 3.78644e-06 3.76746e-06
4575 3.70782e-06 3.68923e-06
4577 1.12162e-05 8.25942e-06
4579 1.114e-05 1.10842e-05
4581 1.11483e-05 1.10924e-05
4583 3.71885e-06 3.70021e-06
4587 7.44879e-06 7.41145e-06
4591 3.72995e-06 3.71125e-06
4593 1.11982e-05 1.11421e-05
4595 7.47105e-06 7.4336e-06
4597 3.73832e-06 3.71958e-06
4599 7.48223e-06 7.44472e-06
4607 3.75235e-06 3.73354e-06
4609 7.51033e-06 7.47268e-06
4615 3.76364e-06 3.74477e-06
4617 3.76648e-06 3.7476e-06
4619 3.76932e-06 3.75043e-06
4621 1.13165e-05 1.12598e-05
4623 3.77501e-06 3.75609e-06
4627 3.78072e-06 3.76177e-06
4631 3.78644e-06 3.76746e-06
4635 3.79219e-06 3.77318e-06
4641 1.9039e-05 1.35907e-05
4649 3.81243e-06 3.79332e-06
4651 7.63068e-06 7.59243e-06
4653 3.81825e-06 3.79911e-06
4663 3.83289e-06 3.81368e-06
4673 3.84763e-06 3.82834e-06
4675 3.92619e-06 3.90651e-06
4677 1.17121e-05 8.67381e-06
4679 7.7889e-06 5.45249e-06
4681 1.56659e-05 1.2322e-05
4683 7.80106e-06 5.46101e-06
4685 7.88333e-06 7.84381e-06
4687 7.88955e-06 7.85e-06
4689 7.89578e-06 7.8562e-06
4691 1.5804e-05 1.57248e-05
4693 3.95413e-06 3.93431e-06
4695 3.95726e-06 3.93742e-06
4697 3.9604e-06 3.94055e-06
4699 3.96354e-06 3.94367e-06
4701 7.89904e-06 5.52938e-06
4705 1.18845e-05 8.78853e-06
4707 7.88955e-06 5.52269e-06
4709 3.94477e-06 3.925e-06
4721 7.87712e-06 7.83764e-06
4723 7.91464e-06 5.54029e-06
4731 3.98565e-06 3.96567e-06
4733 3.98883e-06 3.96884e-06
4735 7.98403e-06 7.94401e-06
4737 1.19856e-05 1.19255e-05
4767 8.08734e-06 8.0468e-06
4775 8.04829e-06 8.00795e-06
4777 1.20822e-05 1.20216e-05
4779 4.03063e-06 4.01043e-06
4781 8.06777e-06 8.02733e-06
4783 8.07428e-06 8.03381e-06
4785 8.11372e-06 5.67965e-06
4787 1.2164e-05 8.97466e-06
4789 1.21739e-05 8.98194e-06
4791 1.21838e-05 8.98923e-06
4793 4.05351e-06 4.03319e-06
4795 4.08998e-06 4.06948e-06
4797 4.09333e-06 4.07281e-06
4881 4.20345e-06 4.18238e-06
4885 4.21053e-06 4.18942e-06
4887 8.42815e-06 8.3859e-06
4889 8.43526e-06 8.39298e-06
4891 4.22119e-06 4.20003e-06
4893 4.22476e-06 4.20358e-06
4895 4.22833e-06 4.20714e-06
4897 8.46382e-06 8.42139e-06
4899 1.27065e-05 1.26428e-05
4907 4.24989e-06 4.22859e-06
4909 4.25351e-06 4.23219e-06
4911 8.51426e-06 8.47158e-06
4913 4.26076e-06 4.2394e-06
4927 4.28633e-06 4.26484e-06
4929 4.29e-06 4.2685e-06
4933 4.29738e-06 4.27584e-06
4935 1.29032e-05 1.28385e-05
4937 8.60956e-06 8.5664e-06
5159 4.87092e-06 4.8465e-06
5169 4.89476e-06 4.87022e-06
5179 4.91884e-06 4.89418e-06
5195 4.95786e-06 4.93301e-06
5197 1.48883e-05 1.48137e-05
5199 9.93542e-06 9.88562e-06
5201 4.97265e-06 4.94772e-06
5219 5.01756e-06 4.99241e-06
5227 9.99564e-06 6.99718e-06
5229 1.00857e-05 1.00351e-05
5231 2.00313e-05 1.40224e-05
5233 1.50787e-05 1.11618e-05
5235 5.05817e-06 5.03282e-06
5237 2.5155e-05 1.79919e-05
5239 5.06842e-06 5.04301e-06
5241 5.07357e-06 5.04814e-06
5243 5.07872e-06 5.05326e-06
5245 5.08388e-06 5.0584e-06
5247 1.49036e-05 1.09903e-05
5253 1.48883e-05 1.48137e-05
5255 1.00553e-05 1.00049e-05
5257 1.00054e-05 7.00388e-06
5259 9.9552e-06 9.9053e-06
5277 1.03359e-05 1.02841e-05
5293 1.01266e-05 1.00758e-05
5327 5.15198e-06 5.12616e-06
5337 5.17866e-06 5.1527e-06
5341 5.18941e-06 5.1634e-06
5343 5.19481e-06 5.16877e-06
5345 5.20021e-06 5.17414e-06
5351 1.0433e-05 1.03807e-05
5353 3.13316e-05 3.11745e-05
5355 1.56822e-05 1.56036e-05
5357 5.23286e-06 5.20663e-06
5359 5.23834e-06 5.21208e-06
5363 5.26039e-06 5.23402e-06
5365 1.05208e-05 7.36456e-06
5367 1.05319e-05 7.37231e-06
5371 5.27148e-06 5.24506e-06
5373 5.27704e-06 5.25059e-06
5375 5.28262e-06 5.25614e-06
5385 5.47345e-06 5.44601e-06
5387 5.47945e-06 5.45198e-06
5391 5.32765e-06 5.30094e-06
5393 1.08309e-05 7.58249e-06
5395 5.50358e-06 5.47599e-06
5397 5.50964e-06 5.48202e-06
5399 1.10314e-05 1.09761e-05
5401 1.10436e-05 1.09882e-05
5403 1.65837e-05 1.65006e-05
5409 5.54631e-06 5.51851e-06
5411 5.55247e-06 5.52464e-06
5413 5.55864e-06 5.53078e-06
5441 5.47345e-06 5.44601e-06
5443 5.47945e-06 5.45198e-06
5545 5.83771e-06 5.80845e-06
5547 1.16891e-05 1.16305e-05
5551 6.02047e-06 5.99029e-06
5553 6.02773e-06 5.99752e-06
5555 1.207e-05 1.20095e-05
5557 6.0423e-06 6.01201e-06
5561 6.05694e-06 6.02658e-06
5563 6.06428e-06 6.03388e-06
5565 6.07165e-06 6.04122e-06
5567 6.07903e-06 6.04856e-06
5569 1.21729e-05 1.21119e-05
5571 1.21877e-05 1.21266e-05
5573 6.10128e-06 6.0707e-06
5575 6.10874e-06 6.07812e-06
5581 6.13121e-06 6.10048e-06
5583 6.13874e-06 6.10797e-06
5585 6.14628e-06 6.11547e-06
5587 1.84615e-05 1.8369e-05
5589 5.95593e-06 5.92608e-06
5591 5.96303e-06 5.93314e-06
5599 1.19832e-05 1.19231e-05
5623 6.07903e-06 6.04856e-06
5639 1.84162e-05 1.83239e-05
5641 1.84388e-05 1.83464e-05
5661 6.22278e-06 6.19159e-06
5663 6.23053e-06 6.1993e-06
5665 6.2383e-06 6.20703e-06
5667 6.2461e-06 6.21479e-06
5673 6.26959e-06 6.23816e-06
5675 1.25549e-05 1.2492e-05
5691 6.34115e-06 6.30936e-06
5693 6.34921e-06 6.31738e-06
5837 7.0373e-06 7.00203e-06
5839 7.04722e-06 7.0119e-06
5979 7.81861e-06 7.77942e-06
5985 7.85546e-06 7.81608e-06
5987 7.86782e-06 7.82838e-06
5989 1.57604e-05 1.56814e-05
5991 7.89266e-06 7.8531e-06
5993 7.90514e-06 7.86551e-06
5995 7.91766e-06 7.87797e-06
5997 1.58604e-05 1.57809e-05
5999 7.94281e-06 7.903e-06
6131 8.7184e-06 8.6747e-06
6137 4.38212e-05 4.36015e-05
6139 8.77963e-06 8.73562e-06
6141 1.75901e-05 1.75019e-05
6143 4.40529e-05 4.38321e-05
6145 2.64784e-05 2.63457e-05
6147 8.84173e-06 8.79741e-06
6151 8.87311e-06 8.82863e-06
6155 8.90472e-06 8.86008e-06
6173 1.80995e-05 1.80088e-05
6199 9.26784e-06 9.22138e-06
6203 9.30233e-06 9.2557e-06
6205 1.86393e-05 1.85459e-05
6207 9.33707e-06 9.29027e-06
6209 9.35454e-06 9.30765e-06
6211 9.37207e-06 9.32509e-06
6213 1.87793e-05 1.86852e-05
6215 9.40734e-06 9.36019e-06
