#sequence_separation contact_probability stderr
3 0.160626 0.000435957
5 0.0798602 0.000348976
7 0.0483364 0.000314502
9 0.0326434 0.000266589
11 0.0239286 0.000227536
13 0.0186068 0.000202482
15 0.0148209 0.000216602
17 0.0125081 0.000185776
19 0.0104263 0.000169009
21 0.00912214 0.00017076
23 0.00767042 0.000146238
25 0.00675786 0.000121911
27 0.00616472 0.000129973
29 0.00525962 0.000124128
31 0.00486542 0.000116499
33 0.00421719 0.000106452
35 0.00384454 0.000104936
37 0.00371496 0.000103062
39 0.00349438 0.000101795
41 0.0033394 0.000100034
43 0.00314087 9.91714e-05
45 0.00271917 8.80144e-05
47 0.00251787 7.5732e-05
49 0.00243362 8.24011e-05
51 0.00219524 7.3595e-05
53 0.00207538 6.15537e-05
55 0.00198536 6.91677e-05
57 0.00177633 6.49564e-05
59 0.00175367 7.27052e-05
61 0.00166867 7.14131e-05
63 0.00177531 7.79736e-05
65 0.00161334 7.33415e-05
67 0.00148188 7.83797e-05
69 0.00146768 6.96262e-05
71 0.00137815 6.6958e-05
73 0.00128171 5.85548e-05
75 0.00118202 6.26452e-05
77 0.00116554 6.2157e-05
79 0.00122671 5.86676e-05
81 0.00109757 4.9172e-05
83 0.00107098 5.45113e-05
85 0.000961722 5.61049e-05
87 0.00104838 5.32762e-05
89 0.000944606 5.3359e-05
91 0.000971912 5.05042e-05
93 0.00092928 5.19471e-05
95 0.000873706 5.52068e-05
97 0.000901591 5.55175e-05
99 0.000804653 4.90732e-05
101 0.00081924 5.05151e-05
103 0.000766517 5.54009e-05
105 0.000854255 6.06803e-05
107 0.000738703 4.7355e-05
109 0.000795277 4.71827e-05
111 0.000698577 5.05176e-05
113 0.000599406 4.79459e-05
115 0.000618372 4.69569e-05
117 0.000608666 4.59831e-05
119 0.000553821 3.94997e-05
121 0.000583824 3.95146e-05
123 0.000579725 4.72406e-05
125 0.000553968 5.84404e-05
127 0.000558027 4.09833e-05
129 0.000549845 4.59803e-05
131 0.000552115 4.19406e-05
133 0.000508696 4.07153e-05
135 0.000504359 4.30657e-05
137 0.000488009 3.98285e-05
139 0.000518696 3.98322e-05
141 0.00052762 4.24535e-05
143 0.000523133 3.56662e-05
145 0.000505876 3.83299e-05
147 0.000500387 4.66113e-05
149 0.000482892 4.2027e-05
151 0.000454598 3.64958e-05
153 0.000452918 3.88481e-05
155 0.000469293 3.7988e-05
157 0.00040451 3.3647e-05
159 0.000473546 4.47624e-05
161 0.000386448 3.58365e-05
163 0.000375437 3.2572e-05
165 0.000415735 3.73386e-05
167 0.000362725 3.16703e-05
169 0.00033704 3.61912e-05
171 0.000374991 3.39402e-05
173 0.000371566 3.56002e-05
175 0.000374345 3.66507e-05
177 0.000315454 3.35272e-05
179 0.000332277 3.89046e-05
181 0.000319757 3.11298e-05
183 0.000316803 3.10418e-05
185 0.000326397 3.52603e-05
187 0.000333958 3.14456e-05
189 0.00032116 3.30597e-05
191 0.000301546 3.10424e-05
193 0.000284438 3.21402e-05
195 0.00026948 3.04786e-05
197 0.000296167 3.42497e-05
199 0.000297377 3.34541e-05
201 0.000293608 2.80674e-05
203 0.000262633 2.69189e-05
205 0.000253912 2.64585e-05
207 0.000287087 3.10559e-05
209 0.000259813 3.33994e-05
211 0.00023687 3.19047e-05
213 0.000287286 3.11318e-05
215 0.000255803 3.48904e-05
217 0.000249793 2.91434e-05
219 0.000230232 3.69371e-05
221 0.000268478 3.37835e-05
223 0.000276222 3.22095e-05
225 0.00026583 3.20803e-05
227 0.000277354 3.50808e-05
229 0.000228067 2.84753e-05
231 0.00024983 2.97939e-05
233 0.000241416 3.08365e-05
235 0.000263272 3.64404e-05
237 0.000239481 3.54491e-05
239 0.000185042 2.24095e-05
241 0.000226692 3.11056e-05
243 0.000249206 3.24731e-05
245 0.000176311 2.22308e-05
247 0.000183805 2.07664e-05
249 0.000216634 2.65463e-05
251 0.000205136 2.62964e-05
253 0.000221026 3.21091e-05
255 0.000189739 2.62441e-05
257 0.000238463 3.02739e-05
259 0.000214694 2.86556e-05
261 0.000185019 2.84666e-05
263 0.000206509 2.59177e-05
265 0.000219009 2.63644e-05
267 0.000209628 2.82429e-05
269 0.000159211 2.06514e-05
271 0.000164919 2.32089e-05
273 0.000204889 2.98975e-05
275 0.000158326 2.9097e-05
277 0.000170069 2.41251e-05
279 0.000168254 2.99473e-05
281 0.000164058 2.4567e-05
283 0.000167437 2.27822e-05
285 0.000198461 2.9376e-05
287 0.000147344 2.37372e-05
289 0.000148843 2.30266e-05
291 0.000155398 2.27284e-05
293 0.000158624 2.16172e-05
295 0.000155828 2.09155e-05
297 0.000159763 2.05033e-05
299 0.000159886 2.1943e-05
301 0.000134072 2.18741e-05
303 0.000145723 2.34634e-05
305 0.000148336 2.10314e-05
307 0.000160075 2.16856e-05
309 0.000131232 2.11679e-05
311 0.000141672 2.01014e-05
313 0.000155827 2.41156e-05
315 0.000175235 2.52254e-05
317 0.000125894 2.26922e-05
319 0.00012495 2.02107e-05
321 0.000104325 1.72495e-05
323 0.00014642 2.78813e-05
325 0.000155159 2.83351e-05
327 0.000133158 2.34941e-05
329 0.000151795 2.326e-05
331 0.000138755 2.50222e-05
333 0.000142236 2.38453e-05
335 0.00012442 2.21913e-05
337 0.000127231 2.13356e-05
339 0.000124728 2.26979e-05
341 0.000113231 1.99016e-05
343 0.000123967 1.95428e-05
345 0.000148638 2.30009e-05
347 0.000148391 2.37962e-05
349 0.000139106 2.37859e-05
351 0.000162809 2.52801e-05
353 0.000129907 1.77765e-05
355 0.000137434 2.07228e-05
357 0.000135635 1.99901e-05
359 0.000138184 2.41158e-05
361 0.000117341 1.76771e-05
363 0.000139714 1.94921e-05
365 0.000135792 2.28203e-05
367 0.000115077 1.89926e-05
369 0.000116077 1.94817e-05
371 0.000127315 2.13917e-05
373 0.000111019 1.84911e-05
375 9.31463e-05 1.52395e-05
377 0.000130577 2.07421e-05
379 0.000117112 2.19154e-05
381 0.000107574 1.82453e-05
383 0.000114661 2.13544e-05
385 0.000119572 2.00023e-05
387 0.000166898 3.4365e-05
389 0.000116839 2.08693e-05
391 0.000101321 1.85249e-05
393 0.000107484 2.20825e-05
395 0.000100314 1.82862e-05
397 9.78055e-05 1.92545e-05
399 0.000102053 1.90461e-05
401 0.000122523 2.09221e-05
403 9.448e-05 1.73611e-05
405 0.000100273 1.94702e-05
407 9.3084e-05 1.92408e-05
409 0.000103016 1.77508e-05
411 0.00012738 2.37681e-05
413 0.000118968 2.10209e-05
415 0.000106514 2.02468e-05
417 0.000100894 1.84816e-05
419 0.000125618 2.4479e-05
421 6.70362e-05 1.48133e-05
423 6.85316e-05 1.40487e-05
425 7.64871e-05 1.69355e-05
427 0.000100701 1.8269e-05
429 8.50496e-05 2.00579e-05
431 7.49348e-05 1.63014e-05
433 7.53545e-05 1.66571e-05
435 8.39148e-05 1.58056e-05
437 9.06012e-05 2.3883e-05
439 0.000100704 2.13739e-05
441 0.000121172 2.38693e-05
443 9.70588e-05 1.83562e-05
445 8.44206e-05 1.5554e-05
447 7.47683e-05 1.65345e-05
449 6.79278e-05 1.60977e-05
451 7.93976e-05 1.71171e-05
453 8.74301e-05 1.75134e-05
455 9.64707e-05 2.22968e-05
457 8.48729e-05 2.26201e-05
459 0.000113549 3.14732e-05
461 0.000121718 2.52586e-05
463 0.00011571 2.59548e-05
465 0.000108904 2.03263e-05
467 0.000110247 2.1277e-05
469 0.000101941 1.79565e-05
471 0.000102152 2.06811e-05
473 0.000102331 2.14055e-05
475 0.000104641 2.15992e-05
477 0.000111087 2.16192e-05
479 0.000120086 2.32821e-05
481 0.00012444 2.10297e-05
483 0.000110032 2.05059e-05
485 9.93626e-05 1.77038e-05
487 0.000130726 2.6604e-05
489 8.13995e-05 1.57553e-05
491 8.09629e-05 1.47458e-05
493 6.80382e-05 1.30715e-05
495 8.35507e-05 1.57239e-05
497 9.02734e-05 1.61212e-05
499 0.00010244 2.37168e-05
501 6.43874e-05 1.51562e-05
503 7.23043e-05 1.4931e-05
505 9.27316e-05 1.80985e-05
507 8.94901e-05 1.75476e-05
509 0.000115487 2.3087e-05
511 0.000109572 2.42919e-05
513 8.14665e-05 1.57338e-05
515 9.56003e-05 2.28029e-05
517 6.92431e-05 1.6693e-05
519 9.96798e-05 1.93615e-05
521 9.81784e-05 2.03006e-05
523 7.95679e-05 1.67763e-05
525 7.50614e-05 2.14739e-05
527 5.97945e-05 1.41491e-05
529 6.92896e-05 1.45763e-05
531 7.05883e-05 1.40278e-05
533 4.26257e-05 1.1207e-05
535 6.13683e-05 1.644e-05
537 4.26046e-05 1.01289e-05
539 4.86208e-05 1.15153e-05
541 3.6564e-05 1.19819e-05
543 6.25514e-05 1.69805e-05
545 6.48473e-05 1.61086e-05
547 6.43198e-05 1.67694e-05
549 6.38247e-05 1.63058e-05
551 6.39065e-05 1.51389e-05
553 6.53178e-05 1.51004e-05
555 6.38988e-05 1.55384e-05
557 6.89535e-05 1.43006e-05
559 5.94113e-05 1.32888e-05
561 6.82397e-05 1.32784e-05
563 6.0842e-05 1.4905e-05
565 5.54885e-05 1.30708e-05
567 5.84894e-05 1.27116e-05
569 6.11093e-05 1.51239e-05
571 8.56319e-05 1.84839e-05
573 8.66545e-05 2.30522e-05
575 6.38149e-05 1.67987e-05
577 5.18471e-05 1.27443e-05
579 6.52523e-05 1.58904e-05
581 6.04341e-05 1.74568e-05
583 4.34948e-05 1.08441e-05
585 5.44461e-05 1.28455e-05
587 6.84575e-05 1.85181e-05
589 9.61245e-05 2.04965e-05
591 7.28698e-05 1.52999e-05
593 4.62809e-05 1.17236e-05
595 6.755e-05 1.71537e-05
597 6.42444e-05 1.2851e-05
599 5.06431e-05 1.14573e-05
601 7.48356e-05 1.72547e-05
603 6.4706e-05 1.61681e-05
605 4.03171e-05 1.12073e-05
607 5.46203e-05 1.341e-05
609 7.96014e-05 1.84659e-05
611 4.87937e-05 1.16143e-05
613 4.21243e-05 1.13029e-05
615 4.31702e-05 1.03965e-05
617 5.11592e-05 1.35848e-05
619 6.60004e-05 1.44713e-05
621 7.34545e-05 1.78866e-05
623 7.54679e-05 2.11708e-05
625 5.8286e-05 1.63063e-05
627 4.91188e-05 1.20038e-05
629 5.31373e-05 1.30672e-05
631 4.5661e-05 1.57206e-05
633 4.88918e-05 1.35242e-05
635 5.24651e-05 1.54704e-05
637 4.56251e-05 1.57888e-05
639 5.01499e-05 1.31043e-05
641 3.87704e-05 9.82996e-06
643 8.45971e-05 2.42358e-05
645 8.15158e-05 2.0534e-05
647 5.62788e-05 1.3164e-05
649 6.75891e-05 1.92597e-05
651 5.33052e-05 1.40745e-05
653 4.05507e-05 1.37069e-05
655 5.36957e-05 1.40553e-05
657 5.47337e-05 1.4644e-05
659 4.2005e-05 1.04652e-05
661 6.21946e-05 1.72236e-05
663 4.38767e-05 1.18929e-05
665 4.46322e-05 1.10945e-05
667 4.31444e-05 1.31591e-05
669 5.16076e-05 1.39828e-05
671 6.13365e-05 1.46551e-05
673 5.59119e-05 1.39274e-05
675 5.12358e-05 1.40841e-05
677 4.08554e-05 1.13664e-05
679 2.57035e-05 1.07575e-05
681 4.30365e-05 1.29773e-05
683 4.97342e-05 1.10931e-05
685 3.23755e-05 8.89678e-06
687 4.07722e-05 1.04419e-05
689 5.92274e-05 1.46503e-05
691 5.86679e-05 1.41255e-05
693 5.41185e-05 1.4917e-05
695 4.61296e-05 1.42911e-05
697 4.20009e-05 1.298e-05
699 3.88456e-05 1.19603e-05
701 5.10344e-05 1.35357e-05
703 4.14745e-05 1.23671e-05
705 3.654e-05 1.18984e-05
707 6.21231e-05 1.5059e-05
709 3.82734e-05 1.17589e-05
711 3.6712e-05 1.1813e-05
713 2.81947e-05 1.13625e-05
715 3.03732e-05 9.26039e-06
717 3.7964e-05 1.03625e-05
719 4.17009e-05 1.22689e-05
721 4.19452e-05 1.47065e-05
723 5.86939e-05 1.94822e-05
725 2.85621e-05 9.13057e-06
727 2.68643e-05 8.06836e-06
729 2.86351e-05 1.10411e-05
731 6.23735e-05 2.00491e-05
733 4.13879e-05 1.58035e-05
735 4.7075e-05 1.3894e-05
737 6.3186e-05 1.5375e-05
739 4.49601e-05 1.272e-05
741 3.73902e-05 1.11038e-05
743 4.48954e-05 1.42339e-05
745 3.36305e-05 1.11327e-05
747 2.28463e-05 7.1828e-06
749 4.59742e-05 1.37869e-05
751 2.28056e-05 7.80729e-06
753 4.71552e-05 1.34785e-05
755 5.48451e-05 1.52175e-05
757 4.49539e-05 1.22362e-05
759 2.03518e-05 7.3889e-06
761 3.23723e-05 9.18434e-06
763 2.64453e-05 7.99846e-06
765 3.04448e-05 9.87067e-06
767 2.81264e-05 8.51467e-06
769 3.39527e-05 1.09902e-05
771 4.06633e-05 9.86635e-06
773 4.17818e-05 1.03551e-05
775 4.30603e-05 1.22862e-05
777 1.30036e-05 6.00623e-06
779 2.33405e-05 8.01476e-06
781 2.70725e-05 8.79971e-06
783 2.72115e-05 9.88212e-06
785 4.69529e-05 1.29618e-05
787 3.19409e-05 1.08276e-05
789 2.50201e-05 1.36579e-05
791 5.01435e-05 1.99573e-05
793 4.52719e-05 1.43305e-05
795 4.01806e-05 1.12497e-05
797 2.52414e-05 8.62513e-06
799 2.64604e-05 8.94716e-06
801 2.90799e-05 8.27677e-06
803 2.67361e-05 9.26968e-06
805 4.34329e-05 1.44895e-05
807 3.63835e-05 1.26378e-05
809 3.32042e-05 9.71491e-06
811 4.38045e-05 1.36096e-05
813 2.93399e-05 1.03295e-05
815 3.48385e-05 9.29805e-06
817 3.13925e-05 9.15173e-06
819 3.69514e-05 1.57791e-05
821 4.11958e-05 1.47934e-05
823 4.33913e-05 1.29357e-05
825 4.33916e-05 1.31166e-05
827 3.53704e-05 1.0782e-05
829 3.06845e-05 8.32537e-06
831 4.12245e-05 1.31651e-05
833 3.42491e-05 1.2587e-05
835 3.66805e-05 1.38407e-05
837 3.34306e-05 8.70276e-06
839 5.47888e-05 1.59683e-05
841 3.31328e-05 1.1768e-05
843 2.52992e-05 1.01594e-05
845 3.12304e-05 1.00064e-05
847 2.13628e-05 7.24656e-06
849 3.55022e-05 1.18338e-05
851 2.74605e-05 8.28208e-06
853 2.9698e-05 1.1046e-05
855 2.46743e-05 9.16389e-06
857 4.28354e-05 1.21554e-05
859 5.11217e-05 1.84135e-05
861 5.37644e-05 1.64339e-05
863 3.60225e-05 1.26885e-05
865 3.91316e-05 1.15145e-05
867 2.20289e-05 8.77185e-06
869 2.74644e-05 1.04472e-05
871 1.02834e-05 4.49163e-06
873 1.71423e-05 6.70229e-06
875 3.36044e-05 1.21431e-05
877 3.77845e-05 1.54083e-05
879 3.18001e-05 1.0888e-05
881 1.28825e-05 5.10541e-06
883 2.06518e-05 7.72817e-06
885 2.33652e-05 7.89503e-06
887 2.62515e-05 9.98185e-06
889 2.33945e-05 6.67821e-06
891 1.0185e-05 4.44775e-06
893 1.64728e-05 6.28986e-06
895 3.01932e-05 1.16778e-05
897 2.11469e-05 7.62158e-06
899 1.4017e-05 5.11964e-06
901 2.05423e-05 8.36917e-06
903 2.04956e-05 7.72889e-06
905 2.3167e-05 1.17808e-05
907 1.94311e-05 6.19544e-06
909 2.97093e-05 9.06465e-06
911 3.92976e-05 1.55913e-05
913 2.57342e-05 8.26428e-06
915 3.92016e-05 1.07492e-05
917 2.75651e-05 9.67082e-06
919 3.18227e-05 1.4766e-05
921 1.68065e-05 7.12068e-06
923 2.46988e-05 1.05053e-05
925 1.08495e-05 5.80509e-06
927 1.51001e-05 5.52167e-06
929 2.88987e-05 8.88497e-06
931 2.26932e-05 9.12866e-06
933 3.14791e-05 1.26385e-05
935 3.04334e-05 1.02665e-05
937 2.86504e-05 9.81487e-06
939 2.99626e-05 1.20456e-05
941 4.27565e-05 1.48156e-05
943 3.94054e-05 1.37344e-05
945 4.05171e-05 1.36504e-05
947 3.37646e-05 1.33672e-05
949 2.00497e-05 8.34775e-06
951 2.5471e-05 1.05258e-05
953 2.12169e-05 7.79286e-06
955 4.26152e-05 1.83731e-05
957 3.0456e-05 1.12883e-05
959 3.61236e-05 1.08563e-05
961 2.96682e-05 8.33022e-06
963 4.62597e-05 1.72323e-05
965 2.29377e-05 1.0489e-05
967 1.73309e-05 8.12772e-06
969 3.31751e-05 1.02907e-05
971 1.86041e-05 6.61003e-06
973 1.6764e-05 6.52769e-06
975 2.79748e-05 1.09551e-05
977 5.17077e-05 2.06934e-05
979 3.46121e-05 1.26386e-05
981 2.93001e-05 1.00196e-05
983 3.11571e-05 1.14308e-05
985 1.31288e-05 5.98959e-06
987 2.03517e-05 9.37657e-06
989 2.21257e-05 9.84626e-06
991 1.76022e-05 7.4628e-06
993 3.15965e-05 1.34239e-05
995 2.61698e-05 1.3427e-05
997 3.39428e-05 9.2401e-06
999 4.39435e-05 1.45713e-05
1001 2.27787e-05 8.35989e-06
1003 3.27808e-05 1.15313e-05
1005 1.10576e-05 5.89109e-06
1007 2.8582e-05 1.13254e-05
1009 2.01514e-05 9.41382e-06
1011 1.6318e-05 7.57495e-06
1013 4.21264e-06 2.9584e-06
1015 1.79149e-05 8.24275e-06
1017 1.13852e-05 6.80965e-06
1019 8.72455e-06 4.29128e-06
1021 2.08328e-05 8.17604e-06
1023 2.42062e-05 1.02374e-05
1025 1.15759e-05 6.11038e-06
1027 2.88537e-05 9.36133e-06
1029 2.58771e-05 1.06802e-05
1031 1.32198e-05 6.15393e-06
1033 2.75942e-05 1.09855e-05
1035 1.4996e-05 9.16315e-06
1037 1.63763e-05 9.49531e-06
1039 1.78192e-05 8.09403e-06
1041 2.0335e-05 7.92624e-06
1043 3.17699e-05 1.4422e-05
1045 1.59386e-05 6.76332e-06
1047 2.56852e-05 1.07654e-05
1049 2.44637e-05 1.17249e-05
1051 2.14601e-05 8.55856e-06
1053 1.32408e-05 6.21345e-06
1055 1.91384e-05 7.44072e-06
1057 8.58237e-06 5.15941e-06
1059 9.94588e-06 6.46191e-06
1061 1.43531e-05 6.56147e-06
1063 3.96617e-06 2.77656e-06
1065 1.89617e-05 9.17109e-06
1067 2.18952e-05 8.31162e-06
1069 1.33753e-05 6.22782e-06
1071 1.62711e-05 6.87343e-06
1073 1.50978e-05 5.52394e-06
1075 2.54754e-05 1.1114e-05
1077 2.14227e-05 8.63069e-06
1079 1.28075e-05 5.83151e-06
1081 1.32813e-05 6.27516e-06
1083 2.06628e-05 8.21789e-06
1085 1.74578e-05 7.5787e-06
1087 1.14147e-05 6.03517e-06
1089 1.07373e-05 5.59181e-06
1091 4.38117e-06 3.07126e-06
1093 6.33409e-06 3.61956e-06
1095 1.60501e-05 8.21359e-06
1097 1.12985e-05 7.69305e-06
1099 2.18586e-05 9.32668e-06
1101 1.36139e-05 6.38533e-06
1103 2.86498e-05 1.21392e-05
1105 2.90081e-05 1.00469e-05
1107 2.764e-05 9.85171e-06
1109 2.69577e-05 1.40144e-05
1111 3.47039e-05 1.22713e-05
1113 3.26191e-05 1.1122e-05
1115 3.57325e-05 1.20992e-05
1117 2.96176e-05 9.81424e-06
1119 2.70356e-05 1.19684e-05
1121 3.98637e-05 1.88329e-05
1123 2.44784e-05 8.86787e-06
1125 3.07144e-05 1.18017e-05
1127 1.24592e-05 5.6781e-06
1129 1.82038e-05 9.61769e-06
1131 1.82776e-05 9.21592e-06
1133 1.52393e-05 8.18367e-06
1135 1.72933e-05 7.62452e-06
1137 1.5141e-05 6.84496e-06
1139 2.33342e-05 1.08423e-05
1141 1.70653e-05 7.05915e-06
1143 2.13769e-05 7.63378e-06
1145 6.19836e-06 3.52505e-06
1147 1.28382e-05 7.14239e-06
1149 2.08372e-05 8.92116e-06
1151 1.55885e-05 5.70538e-06
1153 2.65967e-05 1.0941e-05
1155 1.27939e-05 5.07734e-06
1157 2.13152e-05 8.77388e-06
1159 8.42349e-06 4.13195e-06
1161 1.05427e-05 5.49226e-06
1163 1.06287e-05 5.53975e-06
1165 1.26703e-05 5.89659e-06
1167 1.37695e-05 7.16371e-06
1169 2.45879e-05 1.24034e-05
1171 2.51681e-05 1.19469e-05
1173 2.0659e-05 1.00802e-05
1175 2.13694e-05 1.14406e-05
1177 7.28915e-06 5.43111e-06
1179 4.78511e-06 3.35075e-06
1181 1.37661e-05 8.62409e-06
1183 9.45996e-06 4.64263e-06
1185 1.19784e-05 6.27959e-06
1187 1.19141e-05 7.95824e-06
1189 8.81924e-06 5.32778e-06
1191 1.30821e-05 6.87641e-06
1193 1.12844e-05 5.99409e-06
1195 1.33444e-05 6.88367e-06
1197 1.39443e-05 7.39741e-06
1199 1.18015e-05 6.97678e-06
1201 4.91573e-06 3.44141e-06
1203 7.44596e-06 4.23465e-06
1205 1.66694e-05 1.05879e-05
1207 1.22199e-05 8.17732e-06
1209 2.14661e-05 1.01243e-05
1211 1.43931e-05 8.37507e-06
1213 6.9939e-06 3.9874e-06
1215 1.41458e-05 8.17623e-06
1217 1.19515e-05 7.17812e-06
1219 1.7851e-05 8.66814e-06
1221 9.31173e-06 4.57691e-06
1223 9.3161e-06 4.57907e-06
1225 9.51381e-06 5.79787e-06
1227 9.69799e-06 5.86873e-06
1229 1.1558e-05 6.07991e-06
1231 1.78915e-05 6.08917e-06
1233 1.13228e-05 4.9506e-06
1235 7.03059e-06 4.00435e-06
1237 4.5919e-06 3.22033e-06
1239 1.83496e-05 7.13417e-06
1241 4.46378e-06 3.13906e-06
1243 1.14297e-05 4.99442e-06
1245 1.35245e-05 6.22267e-06
1247 1.13612e-05 5.87437e-06
1249 9.13245e-06 7.06339e-06
1251 1.08046e-05 7.21717e-06
1253 1.87177e-05 1.10515e-05
1255 1.83054e-05 8.97952e-06
1257 2.57042e-05 1.18699e-05
1259 6.85765e-06 3.90523e-06
1261 1.58147e-05 9.47381e-06
1263 1.69076e-05 1.26034e-05
1265 1.84964e-05 8.58296e-06
1267 1.60522e-05 7.51904e-06
1269 1.56228e-05 6.48298e-06
1271 2.76582e-05 9.99118e-06
1273 2.56287e-05 1.1747e-05
1275 3.01315e-05 1.24737e-05
1277 2.81142e-05 1.12075e-05
1279 3.32947e-05 1.46068e-05
1281 2.85694e-05 1.15172e-05
1283 2.82805e-05 1.18304e-05
1285 2.78453e-05 1.01292e-05
1287 2.68705e-05 1.22027e-05
1289 2.49288e-05 1.10978e-05
1291 1.40363e-05 8.01685e-06
1293 2.70958e-05 1.15272e-05
1295 1.84235e-05 6.99189e-06
1297 3.51777e-05 1.80235e-05
1299 3.62996e-05 1.65036e-05
1301 3.23801e-05 1.18241e-05
1303 3.28607e-05 1.25362e-05
1305 2.98825e-05 1.14978e-05
1307 1.70343e-05 6.5021e-06
1309 2.38432e-05 1.04928e-05
1311 1.67987e-05 1.04759e-05
1313 3.02128e-05 1.3915e-05
1315 1.33342e-05 6.04873e-06
1317 4.11184e-06 4.09123e-06
1319 2.17865e-06 2.16773e-06
1321 2.03851e-05 8.50464e-06
1323 1.73945e-05 8.32579e-06
1325 8.99701e-06 4.42126e-06
1327 1.78546e-05 6.81135e-06
1329 1.92983e-05 9.05989e-06
1331 1.55214e-05 6.38156e-06
1333 1.91962e-05 9.43675e-06
1335 8.77842e-06 4.30624e-06
1337 1.77994e-05 7.89873e-06
1339 1.37573e-05 5.46732e-06
1341 1.72093e-05 7.8533e-06
1343 2.59861e-05 1.18637e-05
1345 1.34664e-05 9.3131e-06
1347 2.78051e-05 9.44136e-06
1349 1.61903e-05 8.10318e-06
1351 4.14852e-06 4.12773e-06
1353 6.22536e-06 6.19415e-06
1355 1.22226e-05 7.36863e-06
1357 2.01042e-05 9.41432e-06
1359 2.10212e-05 1.11597e-05
1361 1.06796e-05 5.54865e-06
1363 2.21729e-06 2.20618e-06
1365 8.30565e-06 8.26402e-06
1367 8.65635e-06 5.20569e-06
1369 6.66325e-06 4.96862e-06
1371 1.11014e-05 4.86658e-06
1373 1.15025e-05 5.92032e-06
1375 1.14435e-05 5.00915e-06
1377 1.34862e-05 5.36231e-06
1379 1.38465e-05 7.31255e-06
1381 2.44564e-05 8.67248e-06
1383 1.83193e-05 8.82622e-06
1385 1.64163e-05 7.71337e-06
1387 1.4239e-05 6.83496e-06
1389 6.58788e-06 3.75176e-06
1391 6.58483e-06 3.75001e-06
1393 1.73424e-05 9.90171e-06
1395 3.63633e-05 1.54139e-05
1397 3.12292e-05 1.37207e-05
1399 3.47432e-05 2.55932e-05
1401 6.3754e-06 4.68333e-06
1403 2.72247e-05 9.00682e-06
1405 2.66006e-05 1.23403e-05
1407 2.21404e-05 9.85853e-06
1409 2.85563e-05 1.20556e-05
1411 3.23026e-05 1.22999e-05
1413 2.2085e-05 1.24451e-05
1415 9.0155e-06 5.35035e-06
1417 2.81976e-05 1.17591e-05
1419 1.45849e-05 6.84064e-06
1421 2.19298e-06 2.18199e-06
1423 9.75163e-06 4.78957e-06
1425 1.6187e-05 6.63911e-06
1427 2.74436e-05 1.32662e-05
1429 1.41706e-05 9.00912e-06
1431 2.80916e-05 1.14474e-05
1433 9.41251e-06 6.62569e-06
1435 1.74042e-05 1.15392e-05
1437 2.1617e-05 8.40529e-06
1439 2.39798e-05 9.43448e-06
1441 2.056e-05 9.83833e-06
1443 1.68041e-05 1.02904e-05
1445 2.04426e-05 8.32606e-06
1447 2.31336e-05 1.01172e-05
1449 2.50354e-05 1.02358e-05
1451 4.36551e-05 1.721e-05
1453 2.99928e-05 1.09715e-05
1455 1.85155e-05 9.22489e-06
1457 1.65213e-05 6.97675e-06
1459 1.27022e-05 6.54654e-06
1461 9.28974e-06 5.46459e-06
1463 1.75935e-05 1.10202e-05
1465 8.8329e-06 6.76719e-06
1467 1.49076e-05 1.28269e-05
1469 2.12224e-06 2.1116e-06
1471 6.45871e-06 4.78411e-06
1473 7.21631e-06 4.11679e-06
1475 1.31769e-05 7.37154e-06
1477 1.55117e-05 9.07673e-06
1479 1.82607e-05 8.67397e-06
1481 1.62273e-05 6.65699e-06
1483 1.3992e-05 7.83364e-06
1485 1.40899e-05 7.24176e-06
1487 1.69612e-05 7.00346e-06
1489 2.21802e-05 9.99605e-06
1491 1.98155e-05 9.22892e-06
1493 2.49704e-05 1.08747e-05
1495 3.57924e-05 1.57573e-05
1497 1.91264e-05 8.35412e-06
1499 1.93594e-05 7.97897e-06
1501 1.27282e-05 5.5647e-06
1503 3.30549e-05 1.58135e-05
1505 2.77515e-05 1.01343e-05
1507 2.76251e-05 1.26894e-05
1509 2.47956e-05 1.08937e-05
1511 1.52836e-05 7.14987e-06
1513 3.03609e-05 1.40857e-05
1515 2.26741e-05 9.51017e-06
1517 1.76515e-05 7.3714e-06
1519 9.94006e-06 4.87871e-06
1521 4.70409e-06 3.29301e-06
1523 1.89126e-05 1.05646e-05
1525 8.97751e-06 6.8653e-06
1527 7.39789e-06 4.22641e-06
1529 1.24577e-05 8.26341e-06
1531 2.42189e-06 2.40975e-06
1533 1.42575e-05 8.94296e-06
1535 1.21509e-05 7.95834e-06
1537 7.2372e-06 5.47347e-06
1539 1.20094e-05 7.19801e-06
1541 1.70149e-05 1.1281e-05
1543 1.44713e-05 7.43901e-06
1545 1.30954e-05 9.29636e-06
1547 1.70007e-05 1.04642e-05
1549 1.43113e-05 8.15121e-06
1551 7.10205e-06 4.04796e-06
1553 2.39234e-06 2.38035e-06
1555 2.39349e-06 2.38149e-06
1557 1.01836e-05 4.99651e-06
1559 7.75038e-06 4.41386e-06
1561 1.47871e-05 7.67196e-06
1563 7.45553e-06 4.25759e-06
1565 2.67165e-06 2.65826e-06
1567 5.29569e-06 3.70715e-06
1569 5.29065e-06 3.70358e-06
1571 1.54171e-05 1.09614e-05
1573 7.42362e-06 5.63538e-06
1575 1.05125e-05 1.04598e-05
1577 1.01113e-05 6.20775e-06
1579 7.02762e-06 5.05813e-06
1581 7.99852e-06 5.92332e-06
1583 2.68456e-06 2.6711e-06
1587 2.68745e-06 2.67398e-06
1589 8.24212e-06 6.0994e-06
1591 1.30827e-05 7.90531e-06
1593 1.03978e-05 6.43865e-06
1595 1.24408e-05 9.09689e-06
1597 5.46094e-06 3.82299e-06
1599 1.8873e-05 1.87784e-05
1601 5.3952e-06 5.36816e-06
1603 1.24736e-05 8.57815e-06
1605 1.74032e-05 7.43557e-06
1607 1.75138e-05 8.11346e-06
1609 1.52679e-05 7.1775e-06
1611 2.11983e-05 1.13029e-05
1613 1.19483e-05 6.07345e-06
1615 2.22958e-05 1.11002e-05
1617 2.33834e-05 1.6894e-05
1619 1.11328e-05 1.1077e-05
1621 2.78474e-06 2.77078e-06
1623 1.58525e-05 1.2194e-05
1625 6.53026e-06 6.49753e-06
1627 4.9671e-06 3.50377e-06
1629 7.84979e-06 4.49613e-06
1631 1.05002e-05 5.17239e-06
1633 2.6476e-06 2.63433e-06
1635 5.08491e-06 3.59228e-06
1637 1.04953e-05 5.16873e-06
1639 1.54041e-05 9.60242e-06
1641 1.07855e-05 6.44849e-06
1643 7.6019e-06 4.34578e-06
1645 2.6137e-06 2.6006e-06
1647 4.41112e-06 4.38901e-06
1649 4.86843e-06 3.42562e-06
1653 1.32499e-05 8.63275e-06
1655 1.34342e-05 7.9208e-06
1657 1.60634e-05 9.81861e-06
1659 2.10824e-05 1.04754e-05
1661 1.08498e-05 5.31646e-06
1663 2.71665e-06 2.70303e-06
1665 5.49745e-06 3.84846e-06
1667 7.42083e-06 4.23599e-06
1669 1.56802e-05 1.09856e-05
1671 5.22946e-06 3.6638e-06
1673 4.92379e-06 3.46654e-06
1675 4.92624e-06 3.46828e-06
1677 7.65572e-06 5.83163e-06
1679 1.37417e-05 1.12626e-05
1681 4.93361e-06 3.47353e-06
1683 9.16981e-06 5.4755e-06
1685 4.45732e-06 4.43498e-06
1687 2.79642e-06 2.7824e-06
1689 5.44209e-06 3.81102e-06
1693 5.08776e-06 5.06226e-06
1695 5.29661e-06 5.27006e-06
1697 1.82295e-05 1.31879e-05
1699 1.04923e-05 8.08926e-06
1701 7.94877e-06 5.78665e-06
1703 8.47023e-06 6.24336e-06
1705 2.70709e-06 2.69352e-06
1707 5.41712e-06 5.38997e-06
1709 5.52376e-06 3.86733e-06
1711 8.32041e-06 6.12697e-06
1713 8.29479e-06 6.17515e-06
1719 7.16183e-06 5.15988e-06
1721 1.16137e-05 6.75295e-06
1723 4.89328e-06 3.43958e-06
1725 1.28251e-05 7.58451e-06
1727 1.62956e-05 1.16015e-05
1729 4.00016e-05 1.58105e-05
1731 2.76761e-05 1.22453e-05
1733 1.51616e-05 6.99151e-06
1735 1.76765e-05 8.96607e-06
1737 1.99476e-05 1.0367e-05
1739 9.80521e-06 5.77017e-06
1741 2.7539e-05 1.22243e-05
1743 1.5459e-05 6.13696e-06
1745 1.5236e-05 1.07425e-05
1747 1.02978e-05 6.38603e-06
1749 1.21707e-05 7.16703e-06
1751 2.06896e-05 9.50372e-06
1753 2.13241e-05 1.10357e-05
1755 1.2982e-05 7.64914e-06
1757 8.14517e-06 5.99612e-06
1759 2.03855e-05 1.56547e-05
1761 1.30851e-05 9.30327e-06
1763 2.02198e-05 1.79905e-05
1765 2.56739e-06 2.55452e-06
1767 2.56871e-06 2.55583e-06
1773 2.70416e-06 2.69061e-06
1775 1.07206e-05 6.39474e-06
1777 7.58485e-06 4.33312e-06
1779 7.4092e-06 4.23333e-06
1781 2.21243e-05 1.33772e-05
1783 2.78448e-05 1.16808e-05
1785 1.60951e-05 8.55691e-06
1787 1.52672e-05 6.06976e-06
1789 7.54256e-06 4.30456e-06
1791 1.56444e-05 7.22437e-06
1793 1.52e-05 6.84872e-06
1795 1.42751e-05 9.90549e-06
1797 1.01952e-05 6.01455e-06
1799 1.32617e-05 5.79622e-06
1801 1.3566e-05 7.20194e-06
1803 1.96605e-05 9.39862e-06
1805 1.09363e-05 6.71539e-06
1807 1.59084e-05 9.85972e-06
1809 1.53706e-05 7.14113e-06
1811 2.11654e-05 1.05443e-05
1813 2.59943e-06 2.5864e-06
1815 1.32531e-05 8.94118e-06
1817 1.76462e-05 7.39319e-06
1819 9.96411e-06 4.889e-06
1821 1.82082e-05 7.62613e-06
1823 2.55453e-05 1.37998e-05
1825 2.71136e-05 1.26418e-05
1827 1.24439e-05 6.53112e-06
1829 1.48178e-05 6.71609e-06
1831 1.75261e-05 8.75969e-06
1833 2.93535e-05 1.36588e-05
1835 2.56944e-05 1.179e-05
1837 2.99795e-05 1.36034e-05
1839 1.49105e-05 8.62701e-06
1841 2.53477e-05 1.20193e-05
1843 3.35973e-05 1.46327e-05
1845 2.45654e-05 1.10931e-05
1847 2.09695e-05 7.93651e-06
1849 2.16056e-05 9.80633e-06
1851 2.97151e-05 1.31511e-05
1853 4.78175e-05 1.7295e-05
1855 3.22541e-05 1.13366e-05
1857 1.94006e-05 8.15751e-06
1859 2.98084e-05 1.14668e-05
1861 2.95406e-05 1.35317e-05
1863 3.15137e-05 1.58115e-05
1865 2.17575e-05 1.13629e-05
1867 1.28179e-05 5.59943e-06
1869 2.80579e-05 1.19802e-05
1871 3.30675e-05 1.68508e-05
1873 1.98968e-05 1.09604e-05
1875 2.07984e-05 8.09098e-06
1877 1.55131e-05 7.30578e-06
1879 1.29827e-05 6.7524e-06
1881 1.25462e-05 6.44534e-06
1883 1.29058e-05 6.53344e-06
1885 4.79616e-06 4.77212e-06
1887 1.03351e-05 6.06035e-06
1889 5.47987e-06 3.83793e-06
1891 2.20234e-05 1.23332e-05
1893 3.00002e-05 1.3616e-05
1895 1.5901e-05 7.47862e-06
1897 5.16843e-06 3.6355e-06
1899 5.13218e-06 3.60767e-06
1901 8.225e-06 6.00563e-06
1903 5.60538e-06 5.57728e-06
1905 8.41279e-06 8.37062e-06
1911 1.73735e-05 1.47308e-05
1913 1.34858e-05 1.09563e-05
1915 5.34045e-06 5.31368e-06
1917 2.42248e-06 2.41034e-06
1919 1.25041e-05 8.06691e-06
1921 1.09682e-05 6.74111e-06
1923 1.06633e-05 5.23697e-06
1925 1.82186e-05 1.55085e-05
1927 1.05002e-05 8.1129e-06
1929 1.2804e-05 7.49489e-06
1931 5.64972e-06 5.6214e-06
1933 2.56345e-06 2.5506e-06
1935 7.56261e-06 5.62672e-06
1937 2.43427e-06 2.42207e-06
1939 5.13479e-06 5.10905e-06
1941 1.02749e-05 1.02234e-05
1943 5.14007e-06 5.11431e-06
1949 5.08133e-06 3.5597e-06
1951 1.26693e-05 7.34235e-06
1953 1.20424e-05 7.11557e-06
1955 7.24958e-06 5.3809e-06
1957 1.24938e-05 8.09019e-06
1959 5.09034e-06 3.57266e-06
1961 7.08885e-06 7.05332e-06
1967 4.81248e-06 3.36921e-06
1969 7.26819e-06 4.13343e-06
1971 9.80033e-06 7.68274e-06
1973 5.41626e-06 3.80895e-06
1975 4.914e-06 4.88937e-06
1977 9.684e-06 6.77962e-06
1979 7.37826e-06 7.34128e-06
1981 4.92126e-06 4.89659e-06
1983 5.56165e-06 3.9192e-06
1985 4.77669e-06 4.75275e-06
1987 2.46427e-06 2.45192e-06
1989 1.48879e-05 1.25769e-05
1991 1.90964e-05 1.09234e-05
1993 1.10678e-05 7.01494e-06
1995 5.58053e-06 3.93268e-06
1997 6.33498e-06 4.43515e-06
1999 1.06263e-05 6.29972e-06
2001 2.39751e-06 2.38549e-06
2003 5.40915e-06 3.80042e-06
2005 9.80129e-06 5.93752e-06
2007 4.85928e-06 3.40198e-06
2009 7.33321e-06 5.44145e-06
2011 9.6464e-06 7.52627e-06
2015 7.42574e-06 7.38852e-06
2017 1.22187e-05 8.75445e-06
2019 9.74697e-06 6.82386e-06
2021 7.27279e-06 5.34764e-06
2023 2.69251e-06 2.67901e-06
2025 5.72979e-06 4.01813e-06
2027 5.0958e-06 3.57316e-06
2029 2.69687e-06 2.68335e-06
2031 2.69833e-06 2.6848e-06
2033 2.69978e-06 2.68625e-06
2035 2.70124e-06 2.6877e-06
2037 5.17367e-06 3.62527e-06
2041 7.52259e-06 5.47336e-06
2043 1.12801e-05 9.12247e-06
2049 6.11621e-06 6.08555e-06
2053 1.53092e-05 1.52325e-05
2055 8.15797e-06 5.88831e-06
2057 8.60624e-06 4.90969e-06
2059 2.54972e-06 2.53694e-06
2065 9.14568e-06 6.77766e-06
2067 6.07623e-06 4.25368e-06
2069 9.19072e-06 6.73571e-06
2073 2.52016e-06 2.50753e-06
2075 3.19081e-06 3.17482e-06
2077 3.19285e-06 3.17685e-06
2079 5.71887e-06 4.03122e-06
2081 5.71329e-06 4.02815e-06
2083 5.50984e-06 3.87146e-06
2087 6.06612e-06 4.24661e-06
2089 8.8467e-06 5.05275e-06
2091 1.76169e-05 9.41349e-06
2093 1.50944e-05 9.11787e-06
2095 3.2113e-06 3.1952e-06
2099 1.40412e-05 9.86418e-06
2101 1.68559e-05 1.0719e-05
2103 1.63283e-05 1.17723e-05
2105 3.08737e-06 3.07189e-06
2107 1.18599e-05 9.55012e-06
2109 1.5456e-05 1.53785e-05
2111 1.08772e-05 8.30522e-06
2113 9.40144e-06 9.35431e-06
2115 6.27156e-06 6.24012e-06
2117 3.13775e-06 3.12202e-06
2119 3.13972e-06 3.12398e-06
2121 1.27233e-05 1.00029e-05
2123 2.76187e-05 1.45816e-05
2125 5.28437e-05 3.25965e-05
2127 1.89085e-05 1.16229e-05
2129 2.78531e-05 1.33882e-05
2131 1.80872e-05 1.05474e-05
2133 8.93764e-06 6.86936e-06
2135 1.12003e-05 6.53488e-06
2137 8.74122e-06 5.00077e-06
2139 1.18665e-05 7.3212e-06
2141 8.46044e-06 4.82561e-06
2143 8.75672e-06 5.00974e-06
2145 8.62765e-06 4.93117e-06
2147 1.07876e-05 8.18135e-06
2149 5.71087e-06 4.02222e-06
2153 2.62329e-06 2.61014e-06
2155 5.61225e-06 3.95614e-06
2157 2.4777e-06 2.46528e-06
2159 6.27943e-06 6.24795e-06
2161 6.28338e-06 6.25188e-06
2163 6.28733e-06 6.25581e-06
2165 6.43079e-06 4.50263e-06
2167 6.57462e-06 6.54166e-06
2169 8.92417e-06 5.11077e-06
2171 9.02721e-06 5.16037e-06
2173 1.48565e-05 7.69244e-06
2175 8.25952e-06 5.90468e-06
2177 1.16141e-05 5.73672e-06
2179 3.12321e-05 1.6841e-05
2181 8.19071e-06 4.68082e-06
2183 2.21748e-05 1.12885e-05
2185 2.0723e-05 8.44244e-06
2187 1.17325e-05 5.79099e-06
2189 1.75703e-05 9.19444e-06
2191 5.09615e-06 3.56799e-06
2193 2.19671e-05 1.03597e-05
2195 1.42266e-05 6.24134e-06
2197 1.75516e-05 8.42307e-06
2199 2.15074e-05 1.39438e-05
2201 1.12682e-05 6.77859e-06
2203 1.88519e-05 1.35359e-05
2205 2.83647e-05 1.38427e-05
2207 1.46605e-05 8.83595e-06
2209 2.28434e-05 1.30486e-05
2211 3.26727e-05 1.91093e-05
2213 2.12652e-05 1.44214e-05
2215 1.65955e-05 1.18665e-05
2217 1.25452e-05 1.02544e-05
2219 2.12116e-05 1.12995e-05
2221 1.86903e-05 1.37658e-05
2223 2.011e-05 9.60982e-06
2225 4.47602e-05 2.07385e-05
2227 2.52911e-05 1.43933e-05
2229 6.61594e-06 6.58278e-06
2231 2.18338e-05 1.45004e-05
2233 1.51311e-05 8.9686e-06
2235 1.22535e-05 7.50294e-06
2237 2.18317e-05 1.6853e-05
2239 9.31614e-06 5.32936e-06
2241 1.91721e-05 1.01375e-05
2243 2.44504e-05 1.13286e-05
2245 1.19612e-05 5.90378e-06
2247 2.44357e-05 1.46151e-05
2249 2.39169e-05 1.47229e-05
2251 9.30297e-06 7.10713e-06
2253 1.83426e-05 1.35301e-05
2255 1.36148e-05 5.95457e-06
2257 1.78458e-05 9.35164e-06
2259 1.28136e-05 1.04292e-05
2261 1.20167e-05 5.93181e-06
2263 7.83246e-06 5.80937e-06
2265 1.3043e-05 9.34301e-06
2267 1.08753e-05 8.24814e-06
2269 1.3557e-05 1.09044e-05
2271 2.6455e-06 2.63224e-06
2273 2.79027e-05 1.95636e-05
2275 1.40015e-05 1.10396e-05
2277 6.06035e-06 4.27623e-06
2279 5.30223e-06 5.27565e-06
2281 6.06782e-06 4.28158e-06
2283 6.07156e-06 4.28426e-06
2285 1.53549e-05 9.10203e-06
2287 2.04725e-05 1.27174e-05
2289 1.41569e-05 9.95203e-06
2291 1.67055e-05 1.20042e-05
2293 3.21958e-06 3.20344e-06
2297 6.86106e-06 6.82667e-06
2299 6.45161e-06 6.41927e-06
2301 9.89103e-06 7.24567e-06
2303 2.18618e-05 1.12564e-05
2305 2.19223e-05 1.22815e-05
2307 1.23734e-05 9.98702e-06
2309 1.06201e-05 6.43695e-06
2311 1.45124e-05 8.70292e-06
2313 3.44947e-06 3.43218e-06
2317 2.68528e-06 2.67182e-06
2319 1.26002e-05 7.78568e-06
2321 1.59437e-05 1.07412e-05
2323 3.25098e-06 3.23468e-06
2331 8.72306e-06 6.27253e-06
2333 9.51201e-06 5.44146e-06
2335 3.35121e-06 3.33441e-06
2337 2.60756e-06 2.59449e-06
2339 5.29999e-06 3.71045e-06
2341 1.13533e-05 6.7675e-06
2343 8.74815e-06 6.28932e-06
2345 8.75331e-06 6.29294e-06
2347 9.32638e-06 5.32762e-06
2349 1.80959e-05 1.08754e-05
2351 1.40031e-05 8.12057e-06
2353 2.70124e-06 2.6877e-06
2355 1.55298e-05 1.07078e-05
2357 1.00277e-05 7.43742e-06
2361 3.27976e-06 3.26332e-06
2365 3.28407e-06 3.26761e-06
2369 2.71592e-06 2.70231e-06
2371 8.82396e-06 5.0478e-06
2373 1.49599e-05 7.60722e-06
2375 1.2266e-05 7.73985e-06
2377 1.49984e-05 1.05411e-05
2381 2.7248e-06 2.71114e-06
2387 6.97177e-06 4.88092e-06
2389 1.37221e-05 1.36533e-05
2391 2.05973e-05 2.04941e-05
2393 1.04216e-05 7.66343e-06
2395 1.39649e-05 8.48983e-06
2397 1.04185e-05 5.92509e-06
2399 2.44279e-05 1.50462e-05
2401 3.56125e-06 3.5434e-06
2403 1.0458e-05 7.69003e-06
2411 3.33444e-06 3.31773e-06
2415 6.6778e-06 6.64433e-06
2423 7.17875e-06 7.14277e-06
2425 3.59195e-06 3.57395e-06
2427 3.59454e-06 3.57652e-06
2431 7.08968e-06 7.05414e-06
2433 3.54736e-06 3.52958e-06
2435 6.91122e-06 4.83969e-06
2437 2.42651e-05 1.78616e-05
2439 1.0393e-05 5.91124e-06
2441 2.79335e-05 1.62584e-05
2443 1.36065e-05 1.06114e-05
2445 1.39954e-05 8.50979e-06
2447 6.94002e-06 4.85987e-06
2449 1.0568e-05 6.01201e-06
2451 7.01016e-06 6.97502e-06
2453 2.08963e-05 1.07671e-05
2455 1.41521e-05 8.58129e-06
2457 1.40082e-05 8.45831e-06
2459 3.58038e-06 3.56243e-06
2461 6.97393e-06 4.88364e-06
2463 1.03721e-05 7.6051e-06
2465 1.31648e-05 8.06352e-06
2467 2.319e-05 1.53392e-05
2469 1.60795e-05 8.08111e-06
2471 1.05096e-05 5.97758e-06
2473 1.39218e-05 8.35034e-06
2475 1.05243e-05 5.98597e-06
2477 3.40948e-06 3.39239e-06
2479 3.65898e-06 3.64064e-06
2487 1.45403e-05 1.14698e-05
2489 1.07396e-05 7.89163e-06
2491 7.35024e-06 7.3134e-06
2493 3.67782e-06 3.65938e-06
2497 7.22683e-06 5.05974e-06
2499 1.77885e-05 1.05337e-05
2503 7.13137e-06 4.99512e-06
2505 3.69413e-06 3.67561e-06
2507 1.06978e-05 6.08563e-06
2509 3.44709e-06 3.42981e-06
2511 1.06111e-05 6.03924e-06
2513 1.77421e-05 1.16653e-05
2515 3.34784e-06 3.33106e-06
2517 7.28359e-06 5.09956e-06
2519 3.57143e-06 3.55353e-06
2521 1.07219e-05 1.06682e-05
2523 7.15308e-06 7.11722e-06
2525 1.07373e-05 1.06835e-05
2527 7.16332e-06 7.12741e-06
2529 1.07527e-05 1.06988e-05
2531 1.7934e-05 1.78441e-05
2533 3.58938e-06 3.57139e-06
2543 6.86749e-06 4.80785e-06
2545 1.3853e-05 1.09162e-05
2547 6.14271e-06 4.32258e-06
2549 8.90668e-06 6.41467e-06
2551 9.53903e-06 7.256e-06
2553 1.33102e-05 8.12615e-06
2555 1.37372e-05 8.47703e-06
2557 6.53699e-06 4.63069e-06
2559 9.68206e-06 5.55221e-06
2561 2.76932e-06 2.75544e-06
2563 1.00686e-05 7.26806e-06
2565 1.05055e-05 8.0477e-06
2567 3.78072e-06 3.76177e-06
2569 7.56716e-06 7.52923e-06
2571 2.65095e-05 2.28797e-05
2573 1.08774e-05 1.08229e-05
2583 3.53732e-06 3.51959e-06
2585 3.80662e-06 3.78754e-06
2589 3.81243e-06 3.79332e-06
2591 7.25059e-06 5.08252e-06
2593 1.41311e-05 1.09058e-05
2595 7.58481e-06 5.30952e-06
2599 3.44471e-06 3.42744e-06
2601 3.44709e-06 3.42981e-06
2603 3.44947e-06 3.43218e-06
2605 3.45185e-06 3.43455e-06
2607 1.43347e-05 1.1779e-05
2611 7.63555e-06 5.34507e-06
2613 1.32445e-05 6.56815e-06
2615 1.74941e-05 9.42324e-06
2617 2.79642e-06 2.7824e-06
2619 1.052e-05 8.14564e-06
2621 3.7592e-05 3.46866e-05
2623 2.53577e-05 1.96372e-05
2625 1.16099e-05 1.15517e-05
2627 6.69384e-06 4.74438e-06
2629 1.31211e-05 7.90682e-06
2631 3.87898e-06 3.85954e-06
2633 1.41948e-05 9.98101e-06
2635 7.64234e-06 7.60403e-06
2641 2.81532e-06 2.80121e-06
2643 8.4507e-06 8.40834e-06
2645 2.81849e-06 2.80436e-06
2649 2.85633e-06 2.84201e-06
2651 8.88068e-06 6.44627e-06
2653 1.38858e-05 8.81767e-06
2655 2.47895e-05 1.85142e-05
2657 2.61076e-05 1.48522e-05
2659 2.04657e-05 1.26285e-05
2661 1.24882e-05 7.3972e-06
2663 1.25311e-05 9.37416e-06
2665 1.39905e-05 8.87163e-06
2667 1.04571e-05 7.54545e-06
2669 2.87274e-06 2.85834e-06
2671 1.18539e-05 7.09723e-06
2675 2.8777e-06 2.86328e-06
2677 8.87706e-06 6.4604e-06
2679 6.73227e-06 4.7697e-06
2681 1.65323e-05 8.31391e-06
2683 1.33839e-05 6.62718e-06
2685 7.65641e-06 5.36033e-06
2687 1.03967e-05 7.9883e-06
2689 6.63757e-06 4.68924e-06
2691 1.41042e-05 6.9551e-06
2693 1.13755e-05 8.51248e-06
2695 7.68584e-06 5.38095e-06
2697 1.53068e-05 1.21751e-05
2699 1.99034e-05 1.0631e-05
2701 6.80104e-06 4.81709e-06
2703 7.57289e-06 7.53493e-06
2705 1.08811e-05 8.19501e-06
2707 1.7316e-05 1.72292e-05
2709 1.57838e-05 9.90139e-06
2711 4.54753e-05 2.28173e-05
2713 4.11801e-05 2.13796e-05
2715 3.06175e-05 1.28888e-05
2717 2.55763e-05 1.33105e-05
2719 7.14633e-06 5.01544e-06
2721 2.9163e-06 2.90168e-06
2723 1.67889e-05 1.00252e-05
2725 7.41926e-06 5.19575e-06
2727 3.82117e-06 3.80202e-06
2729 3.00661e-06 2.99154e-06
2731 3.82702e-06 3.80784e-06
2733 3.01023e-06 2.99514e-06
2735 1.84879e-05 1.04084e-05
2737 1.4864e-05 1.06509e-05
2739 7.88244e-06 5.51961e-06
2741 1.51324e-05 9.01768e-06
2743 6.76098e-06 4.778e-06
2745 6.76563e-06 4.78134e-06
2747 2.13188e-05 1.2737e-05
2749 1.26367e-05 7.4858e-06
2751 2.92312e-06 2.90847e-06
2753 1.47105e-05 9.08361e-06
2755 8.7986e-06 6.49311e-06
2757 2.94724e-06 2.93247e-06
2759 6.87825e-06 4.86442e-06
2761 3.75375e-06 3.73493e-06
2765 3.7594e-06 3.74056e-06
2767 3.76223e-06 3.74337e-06
2769 1.18343e-05 1.1775e-05
2771 8.20345e-06 8.16233e-06
2773 1.20071e-05 8.82338e-06
2775 7.0001e-06 4.95859e-06
2777 1.06748e-05 6.11896e-06
2779 1.70583e-05 1.04679e-05
2781 8.09389e-06 8.05332e-06
2783 7.02022e-06 4.97316e-06
2785 7.02528e-06 4.97683e-06
2787 2.97354e-06 2.95863e-06
2789 2.9753e-06 2.96039e-06
2791 6.66576e-06 4.69308e-06
2793 2.58127e-05 1.35317e-05
2795 4.12377e-05 2.09592e-05
2797 2.24518e-05 1.40049e-05
2799 9.85536e-06 5.62695e-06
2801 1.04911e-05 7.95326e-06
2803 2.30467e-05 1.44009e-05
2805 1.50288e-05 9.82587e-06
2807 1.63364e-05 1.14842e-05
2809 1.78268e-05 1.50428e-05
2811 7.43218e-06 7.39493e-06
2813 1.36335e-05 9.58377e-06
2815 1.35219e-05 8.48858e-06
2817 1.20436e-05 9.38763e-06
2819 1.31706e-05 7.84464e-06
2821 6.08977e-06 4.2637e-06
2823 3.10752e-06 3.09194e-06
2825 1.1951e-05 1.18911e-05
2827 2.98954e-06 2.97455e-06
2829 1.15061e-05 8.87737e-06
2831 6.85918e-06 4.82196e-06
2833 7.49344e-06 7.45588e-06
2835 6.74623e-06 4.75227e-06
2837 1.13912e-05 8.37423e-06
2839 3.00626e-05 1.55063e-05
2841 1.45452e-05 9.03481e-06
2843 3.76081e-06 3.74196e-06
2845 1.99397e-05 1.22454e-05
2847 9.90487e-06 5.66152e-06
2849 1.66901e-05 1.00042e-05
2851 1.03462e-05 7.4065e-06
2853 1.91649e-05 1.1621e-05
2855 1.82501e-05 1.53256e-05
2857 8.49257e-06 8.45e-06
2859 1.9516e-05 1.04574e-05
2861 6.28931e-06 6.25778e-06
2863 6.93594e-06 4.87638e-06
2865 1.14671e-05 6.54799e-06
2867 2.49306e-05 1.39177e-05
2869 7.5959e-06 7.55783e-06
2871 1.52059e-05 9.19647e-06
2873 1.1721e-05 8.56859e-06
2875 1.52291e-05 9.21054e-06
2877 1.55489e-05 1.20487e-05
2879 7.31628e-06 5.12604e-06
2881 4.12712e-06 4.10643e-06
2883 7.63929e-06 5.36555e-06
2885 7.64518e-06 5.36971e-06
2887 1.10974e-05 8.04474e-06
2893 3.83289e-06 3.81368e-06
2895 1.24533e-05 1.23909e-05
2897 7.99332e-06 5.59978e-06
2899 1.0093e-05 7.61584e-06
2901 7.19913e-06 5.10166e-06
2903 1.10521e-05 6.33783e-06
2905 1.41017e-05 8.1984e-06
2907 2.58295e-05 1.10083e-05
2909 2.5008e-05 1.01915e-05
2911 1.05095e-05 6.03314e-06
2913 1.17093e-05 6.67407e-06
2915 7.73447e-06 5.43285e-06
2917 1.17277e-05 6.68461e-06
2919 1.6569e-05 1.3092e-05
2921 8.19e-06 5.73479e-06
2923 7.55552e-06 5.29793e-06
2925 1.19681e-05 9.05129e-06
2927 4.13736e-06 4.11662e-06
2929 2.89957e-05 1.88839e-05
2931 2.69937e-05 1.36461e-05
2933 2.20162e-05 9.89526e-06
2935 2.06256e-05 1.2197e-05
2937 2.39201e-05 1.51599e-05
2939 1.99168e-05 1.35434e-05
2941 1.65154e-05 1.15644e-05
2943 1.63225e-05 1.27032e-05
2945 2.42082e-05 1.69397e-05
2947 2.92136e-05 1.90267e-05
2949 1.26679e-05 9.37831e-06
2951 7.48614e-06 5.28909e-06
2953 1.59988e-05 1.30674e-05
2955 1.17547e-05 9.0339e-06
2959 8.1103e-06 8.06965e-06
2961 8.11688e-06 8.07619e-06
2963 1.20229e-05 6.8693e-06
2965 7.57628e-06 5.31783e-06
2967 7.58205e-06 5.32191e-06
2969 1.82774e-05 1.10475e-05
2971 4.46828e-06 4.44588e-06
2973 4.47227e-06 4.44985e-06
2975 1.20815e-05 6.90311e-06
2977 8.16993e-06 8.12898e-06
2979 1.17052e-05 8.82823e-06
2981 1.20261e-05 6.86682e-06
2983 1.17236e-05 8.8424e-06
2985 8.50948e-06 5.96074e-06
2987 1.52599e-05 7.54984e-06
2989 7.22619e-06 5.10596e-06
2991 1.03546e-05 7.40412e-06
2993 1.44737e-05 1.02272e-05
2995 1.9972e-05 1.3439e-05
2997 2.14439e-05 1.31002e-05
2999 1.4264e-05 7.02728e-06
3001 2.5877e-05 1.42844e-05
3003 1.84758e-05 1.20693e-05
3005 1.15631e-05 6.63156e-06
3007 1.24451e-05 9.60479e-06
3009 8.68452e-06 6.08595e-06
3011 2.23863e-05 1.21569e-05
3013 1.94698e-05 1.18072e-05
3015 2.60391e-05 1.35778e-05
3017 1.13097e-05 8.06621e-06
3019 2.41972e-05 1.38649e-05
3021 1.25191e-05 9.66436e-06
3023 1.13359e-05 8.08438e-06
3025 2.37967e-05 1.41901e-05
3027 2.27069e-05 1.61931e-05
3029 4.58716e-06 4.56417e-06
3031 1.7075e-05 1.06382e-05
3033 1.65858e-05 1.03667e-05
3035 1.32945e-05 7.56592e-06
3037 1.33063e-05 7.57264e-06
3039 9.12704e-06 6.38924e-06
3041 7.9242e-06 5.60334e-06
3043 4.52694e-06 4.50425e-06
3045 1.4749e-05 1.10798e-05
3051 3.64564e-06 3.62737e-06
3057 1.16798e-05 8.43511e-06
3061 8.11729e-06 5.71015e-06
3063 8.32149e-06 5.86765e-06
3065 7.32869e-06 7.29195e-06
3067 1.20026e-05 8.61064e-06
3069 2.20183e-05 2.19079e-05
3071 1.10173e-05 1.09621e-05
3073 8.35677e-06 5.89288e-06
3077 4.69043e-06 4.66692e-06
3079 4.49438e-06 4.47185e-06
3081 2.46689e-05 1.52414e-05
3083 1.67309e-05 1.01983e-05
3085 4.2735e-06 4.25208e-06
3087 8.9897e-06 6.30032e-06
3089 8.9978e-06 6.30601e-06
3091 9.00593e-06 6.31172e-06
3093 9.01406e-06 6.31743e-06
3095 4.29185e-06 4.27034e-06
3097 8.33716e-06 5.8907e-06
3099 8.34424e-06 5.89579e-06
3101 1.7839e-05 1.45728e-05
3103 9.49668e-06 9.44908e-06
3105 1.42586e-05 1.41871e-05
3107 1.38288e-05 1.03552e-05
3109 4.7619e-06 4.73803e-06
3115 3.24886e-06 3.23257e-06
3117 1.43403e-05 1.42684e-05
3119 1.43541e-05 1.42821e-05
3121 1.43678e-05 1.42958e-05
3123 2.39693e-05 2.38492e-05
3125 2.87908e-05 2.86465e-05
3127 2.24739e-05 1.93572e-05
3131 2.42345e-05 1.72785e-05
3133 4.05947e-05 2.95947e-05
3135 3.87399e-05 3.03011e-05
3137 2.74035e-05 2.41975e-05
3139 2.4316e-05 1.73385e-05
3141 1.62243e-05 1.1569e-05
3143 2.59185e-05 2.02764e-05
3145 2.26606e-05 1.95245e-05
3147 3.2381e-05 2.9103e-05
3149 4.34754e-05 3.88689e-05
3155 3.29164e-06 3.27514e-06
3157 9.88142e-06 9.83189e-06
3161 1.30868e-05 1.02316e-05
3163 4.88759e-05 4.86309e-05
3165 1.95695e-05 1.94714e-05
3167 4.89716e-06 4.87261e-06
3169 9.80392e-06 9.75478e-06
3171 9.56226e-06 6.69594e-06
3173 4.65983e-06 4.63647e-06
3191 1.36097e-05 9.87927e-06
3193 1.38422e-05 1.05774e-05
3195 8.25928e-06 5.78876e-06
3197 3.92773e-06 3.90804e-06
3199 4.97512e-06 4.95018e-06
3205 4.99002e-06 4.96501e-06
3207 4.995e-06 4.96996e-06
3217 4.37637e-06 4.35443e-06
3219 1.81657e-05 1.39509e-05
3221 5.0226e-06 4.99742e-06
3223 1.50981e-05 1.1154e-05
3225 5.04032e-06 5.01506e-06
3227 5.04541e-06 5.02012e-06
3229 3.97772e-06 3.95778e-06
3231 8.69197e-06 6.16659e-06
3233 5.06073e-06 5.03536e-06
3235 5.06586e-06 5.04047e-06
3237 2.90986e-05 1.65804e-05
3239 1.96319e-05 1.20081e-05
3241 3.73892e-05 2.38463e-05
3243 1.92516e-05 1.18985e-05
3245 1.41865e-05 1.08495e-05
3247 2.80436e-05 1.67709e-05
3249 2.58933e-05 1.59847e-05
3253 5.11247e-06 5.08684e-06
3255 5.11771e-06 5.09206e-06
3261 5.13347e-06 5.10774e-06
3263 5.13875e-06 5.11299e-06
3267 1.02828e-05 1.02313e-05
3269 1.5456e-05 1.14185e-05
3271 4.06174e-06 4.04138e-06
3273 1.43796e-05 1.09931e-05
3275 5.16262e-06 5.13674e-06
3297 5.23013e-06 5.20391e-06
3299 4.10846e-06 4.08787e-06
3307 5.25762e-06 5.23127e-06
3313 3.60881e-06 3.59072e-06
3315 3.61141e-06 3.59331e-06
3317 7.75309e-06 5.43985e-06
3319 2.1164e-05 2.10579e-05
3321 2.00357e-05 1.62991e-05
3323 8.29876e-06 8.25716e-06
3325 4.15282e-06 4.132e-06
3327 4.15628e-06 4.13545e-06
3329 4.15973e-06 4.13888e-06
3331 3.6324e-06 3.61419e-06
3335 8.32296e-06 5.82608e-06
3341 4.1632e-06 4.14233e-06
3355 4.1876e-06 4.16661e-06
3357 8.38223e-06 8.34021e-06
3369 8.46024e-06 8.41783e-06
3371 5.4407e-06 5.41343e-06
3373 9.68391e-06 6.83246e-06
3377 1.27334e-05 1.26696e-05
3379 1.33838e-05 9.70991e-06
3381 4.2517e-06 4.23039e-06
3383 9.46094e-06 6.65666e-06
3385 1.59046e-05 1.16682e-05
3387 1.07049e-05 7.49593e-06
3389 1.59384e-05 1.16929e-05
3391 1.56822e-05 1.56036e-05
3393 1.04657e-05 1.04132e-05
3395 2.55672e-05 1.83709e-05
3397 9.00607e-06 6.39071e-06
3399 1.04987e-05 1.04461e-05
3401 5.25486e-06 5.22852e-06
3403 3.76141e-05 2.83832e-05
3405 2.3891e-05 1.60259e-05
3407 3.24152e-05 2.37163e-05
3409 2.1892e-05 1.53344e-05
3411 5.28262e-06 5.25614e-06
3413 1.28582e-05 9.14423e-06
3415 1.05876e-05 1.05345e-05
3419 9.97009e-06 9.92011e-06
3423 4.995e-06 4.96996e-06
3425 1.5e-05 1.49248e-05
3427 1.001e-05 9.95982e-06
3429 5.01002e-06 4.98491e-06
3433 1.06895e-05 1.06359e-05
3435 5.02513e-06 4.99994e-06
3437 5.03018e-06 5.00497e-06
3443 1.00908e-05 1.00402e-05
3447 5.05561e-06 5.03027e-06
3455 1.01523e-05 1.01014e-05
3457 5.0813e-06 5.05583e-06
3459 1.65151e-05 1.23999e-05
3461 5.09165e-06 5.06613e-06
3463 5.09684e-06 5.07129e-06
3465 1.01238e-05 7.15008e-06
3467 2.29621e-05 2.2847e-05
3471 1.59891e-05 1.16324e-05
3475 5.12821e-06 5.1025e-06
3477 5.13347e-06 5.10774e-06
3479 5.13875e-06 5.11299e-06
3481 5.14403e-06 5.11825e-06
3483 5.14933e-06 5.12352e-06
3485 5.15464e-06 5.1288e-06
3487 1.06635e-05 7.46843e-06
3489 1.06749e-05 7.47642e-06
3491 3.73972e-06 3.72097e-06
3493 5.17598e-06 5.15004e-06
3497 5.53403e-06 5.50629e-06
3501 5.19751e-06 5.17146e-06
3503 5.20291e-06 5.17683e-06
3505 5.20833e-06 5.18222e-06
3509 3.75516e-06 3.73634e-06
3513 4.4843e-06 4.46182e-06
3515 8.97666e-06 8.93166e-06
3519 1.34892e-05 1.34216e-05
3521 4.50045e-06 4.47789e-06
3523 4.5045e-06 4.48192e-06
3525 4.50857e-06 4.48597e-06
3527 4.51264e-06 4.49002e-06
3529 4.51671e-06 4.49407e-06
3535 1.0582e-05 1.0529e-05
3537 4.53309e-06 4.51037e-06
3539 4.53721e-06 4.51447e-06
3541 5.30786e-06 5.28125e-06
3543 1.51724e-05 1.14583e-05
3545 9.86874e-06 6.92952e-06
3547 9.87854e-06 6.93644e-06
3549 9.88838e-06 6.94339e-06
3551 5.33618e-06 5.30943e-06
3553 5.34188e-06 5.3151e-06
3557 4.57457e-06 4.55164e-06
3559 8.53915e-06 5.99338e-06
3561 4.58295e-06 4.55998e-06
3563 3.96668e-06 3.9468e-06
3565 7.93966e-06 7.89986e-06
3567 7.94597e-06 7.90614e-06
3571 1.18033e-05 8.75945e-06
3587 1.01237e-05 7.11185e-06
3589 3.87147e-06 3.85206e-06
3599 1.39925e-05 1.39224e-05
3601 4.66853e-06 4.64513e-06
3641 4.75737e-06 4.73352e-06
3649 4.77555e-06 4.75161e-06
3651 9.56023e-06 9.51231e-06
3653 9.56938e-06 9.52141e-06
3655 8.76225e-06 6.16067e-06
3657 4.79386e-06 4.76983e-06
3659 3.97931e-06 3.95936e-06
3661 4.80307e-06 4.77899e-06
3667 4.81696e-06 4.79281e-06
3669 4.8216e-06 4.79743e-06
3671 1.78302e-05 1.37555e-05
3673 6.51042e-06 6.47779e-06
3675 1.61901e-05 1.15502e-05
3677 1.85288e-05 1.49494e-05
3679 1.85461e-05 1.49637e-05
3681 1.4549e-05 1.44761e-05
3683 1.69074e-05 1.28834e-05
3685 1.20627e-05 1.20022e-05
3687 1.20724e-05 1.20119e-05
3689 8.05477e-06 8.01439e-06
3691 1.20919e-05 1.20313e-05
3693 1.35957e-05 9.68496e-06
3695 9.57117e-06 6.78291e-06
3697 1.3621e-05 9.70246e-06
3699 3.02725e-05 2.34185e-05
3701 1.51518e-05 1.17218e-05
3703 1.66759e-05 1.65923e-05
3707 6.26174e-06 6.23035e-06
3709 1.78212e-05 1.28721e-05
3711 1.78425e-05 1.28872e-05
3713 1.89587e-05 1.4366e-05
3715 2.00803e-05 1.99796e-05
3717 1.34048e-05 1.33376e-05
3719 6.71141e-06 6.67777e-06
3721 6.72043e-06 6.68674e-06
3729 6.75676e-06 6.72289e-06
3731 1.229e-05 1.22284e-05
3733 5.91017e-06 5.88054e-06
3735 6.78426e-06 6.75025e-06
3737 1.60614e-05 1.25379e-05
3741 6.81199e-06 6.77784e-06
3743 1.78359e-05 1.77465e-05
3747 5.95948e-06 5.92961e-06
3753 6.86813e-06 6.8337e-06
3765 6.0241e-06 5.9939e-06
3767 6.03136e-06 6.00113e-06
3769 6.03865e-06 6.00838e-06
3775 9.25318e-06 6.50907e-06
3777 8.35073e-06 8.30887e-06
3779 8.35771e-06 8.31582e-06
3781 2.48246e-05 1.73783e-05
3783 3.34868e-05 3.33189e-05
3785 6.15385e-06 6.123e-06
3787 4.19287e-06 4.17185e-06
3789 4.19639e-06 4.17536e-06
3791 4.19992e-06 4.17887e-06
3793 4.20345e-06 4.18238e-06
3795 4.20698e-06 4.18589e-06
3805 8.44951e-06 8.40716e-06
3809 7.14286e-06 7.10706e-06
3811 7.15308e-06 7.11722e-06
3813 5.18135e-06 5.15538e-06
3815 2.57451e-05 1.62694e-05
3817 7.18391e-06 7.1479e-06
3819 7.19424e-06 7.15818e-06
3821 1.24688e-05 1.24063e-05
3823 1.443e-05 1.43577e-05
3829 1.3512e-05 9.48382e-06
3831 7.25689e-06 7.22051e-06
3833 1.45349e-05 1.4462e-05
3835 1.4556e-05 1.4483e-05
3837 7.28863e-06 7.2521e-06
3839 1.45985e-05 1.45253e-05
3841 7.30994e-06 7.2733e-06
3849 7.33676e-06 7.29998e-06
3859 6.84932e-06 6.81499e-06
3863 6.86813e-06 6.8337e-06
3869 1.37931e-05 1.3724e-05
3873 6.98812e-06 6.95309e-06
3875 1.39958e-05 1.39256e-05
3877 7.00771e-06 6.97258e-06
3879 1.40351e-05 1.39647e-05
3881 7.02741e-06 6.99218e-06
3883 2.11119e-05 2.10061e-05
3885 7.04722e-06 7.0119e-06
3887 1.40404e-05 9.82842e-06
3889 7.06714e-06 7.03172e-06
3897 7.10732e-06 7.07169e-06
3899 7.11744e-06 7.08176e-06
3903 7.13776e-06 7.10198e-06
3905 7.14796e-06 7.11213e-06
3915 4.61042e-06 4.58731e-06
3917 4.61467e-06 4.59154e-06
3923 4.62749e-06 4.60429e-06
3925 1.18054e-05 8.45696e-06
3927 4.63607e-06 4.61283e-06
3929 4.64037e-06 4.61711e-06
3931 1.18493e-05 8.48972e-06
3933 1.86345e-05 1.0772e-05
3941 4.66636e-06 4.64297e-06
3947 1.58154e-05 1.19752e-05
3949 2.14062e-05 1.72335e-05
3951 1.11607e-05 1.11048e-05
3953 9.38527e-06 9.33823e-06
3955 1.40911e-05 1.40205e-05
3959 1.12108e-05 1.11546e-05
3961 1.6835e-05 1.67506e-05
3969 5.63698e-06 5.60872e-06
3971 5.64334e-06 5.61505e-06
3975 5.65611e-06 5.62776e-06
3977 1.05075e-05 7.37791e-06
3979 1.53682e-05 1.11289e-05
3981 1.62051e-05 1.22384e-05
3983 1.05409e-05 7.40154e-06
3985 1.05521e-05 7.40943e-06
3987 1.05633e-05 7.41736e-06
3989 1.05745e-05 7.42529e-06
3991 5.70776e-06 5.67915e-06
3995 4.88759e-06 4.86309e-06
3997 4.89237e-06 4.86785e-06
3999 4.89716e-06 4.87261e-06
4001 7.09723e-06 7.06165e-06
4003 2.30592e-05 2.29436e-05
4009 1.42755e-05 1.42039e-05
4011 7.73395e-06 7.69518e-06
4015 4.93583e-06 4.91109e-06
4019 7.18907e-06 7.15303e-06
4021 2.27879e-05 1.70188e-05
4025 2.34558e-05 2.33382e-05
4027 2.34926e-05 2.33748e-05
4029 1.56863e-05 1.56077e-05
4031 1.57109e-05 1.56321e-05
4033 7.86782e-06 7.82838e-06
4035 7.88022e-06 7.84072e-06
4049 7.96813e-06 7.92819e-06
4061 8.04505e-06 8.00472e-06
4063 1.6116e-05 1.60352e-05
4065 2.42131e-05 2.40917e-05
4067 3.23363e-05 3.21742e-05
4073 8.12348e-06 8.08276e-06
4075 8.1367e-06 8.09591e-06
4091 1.6488e-05 1.64054e-05
4301 9.82318e-06 9.77394e-06
4305 9.86193e-06 9.8125e-06
4307 9.88142e-06 9.83189e-06
4309 9.90099e-06 9.85136e-06
4335 1.01626e-05 1.01117e-05
4403 6.33714e-06 6.30537e-06
4405 1.90355e-05 1.89401e-05
4407 1.27065e-05 1.26428e-05
4409 1.27226e-05 1.26588e-05
4411 3.18471e-05 3.16875e-05
4413 5.10204e-05 5.07647e-05
4415 2.55428e-05 2.54148e-05
4417 4.94497e-05 3.96257e-05
4419 1.28041e-05 1.27399e-05
4423 6.41849e-06 6.38632e-06
4427 1.287e-05 1.28055e-05
4429 6.4433e-06 6.411e-06
4433 2.58398e-05 2.57103e-05
4435 3.66612e-05 2.57078e-05
4437 1.51197e-05 1.06941e-05
4439 8.65801e-06 8.61461e-06
4487 9.03342e-06 8.98814e-06
4489 1.80995e-05 1.80088e-05
4491 1.20773e-05 1.20168e-05
4493 1.21065e-05 1.20458e-05
4495 9.09918e-06 9.05357e-06
4497 1.21655e-05 1.21045e-05
4499 3.04599e-05 2.17496e-05
4501 3.3599e-05 2.58885e-05
4503 9.1659e-06 9.11996e-06
4505 9.18274e-06 9.13671e-06
4507 9.19963e-06 9.15352e-06
4509 9.21659e-06 9.17039e-06
4513 9.25069e-06 9.20432e-06
4515 1.85357e-05 1.84428e-05
4525 6.07165e-06 6.04122e-06
4529 6.08643e-06 6.05592e-06
4533 6.10128e-06 6.0707e-06
4535 6.10874e-06 6.07812e-06
4537 6.11621e-06 6.08555e-06
4539 6.1237e-06 6.093e-06
4541 6.13121e-06 6.10048e-06
4543 1.90295e-05 1.89341e-05
4569 9.7561e-06 9.7072e-06
4571 1.3369e-05 1.3302e-05
4575 1.34409e-05 1.33735e-05
4577 1.34771e-05 1.34095e-05
4581 2.24719e-05 2.23593e-05
4585 1.12867e-05 1.12301e-05
4587 3.39367e-05 3.37666e-05
4589 1.13379e-05 1.12811e-05
4591 2.37064e-05 1.68068e-05
4593 2.37641e-05 1.68487e-05
4595 1.001e-05 9.95982e-06
4597 3.00903e-05 2.99395e-05
4599 3.01508e-05 2.99997e-05
4601 2.0141e-05 2.004e-05
4603 2.01816e-05 2.00804e-05
4605 2.02224e-05 2.0121e-05
4607 2.02634e-05 2.01618e-05
4609 1.40845e-05 1.40139e-05
4611 1.41243e-05 1.40535e-05
4619 1.02564e-05 1.0205e-05
4627 3.10238e-05 3.08683e-05
4631 1.03842e-05 1.03321e-05
4635 1.46199e-05 1.45466e-05
4637 2.93255e-05 2.91785e-05
4639 1.47059e-05 1.46322e-05
4647 1.21359e-05 1.20751e-05
4653 1.0627e-05 1.05737e-05
4657 1.2285e-05 1.22234e-05
4659 1.23153e-05 1.22536e-05
4661 1.23457e-05 1.22838e-05
4757 1.40056e-05 1.39354e-05
4759 2.80899e-05 2.79491e-05
4761 1.40845e-05 1.40139e-05
4763 2.82486e-05 2.8107e-05
4767 4.26136e-05 4.24e-05
4773 1.43266e-05 1.42548e-05
4775 1.43678e-05 1.42958e-05
4777 1.44092e-05 1.4337e-05
4787 1.46199e-05 1.45466e-05
4789 1.46628e-05 1.45893e-05
4985 5.98802e-05 5.958e-05
4987 6.0241e-05 5.9939e-05
4989 9.09091e-05 9.04534e-05
4991 6.09756e-05 6.067e-05
4993 0.000122699 0.000122084
4995 3.08642e-05 3.07095e-05
4997 3.10559e-05 3.09002e-05
4999 3.125e-05 3.10934e-05
5001 3.14465e-05 3.12889e-05
5005 3.18471e-05 3.16875e-05
5007 6.41026e-05 6.37813e-05
5009 6.45161e-05 6.41927e-05
5011 3.24675e-05 3.23048e-05
