#sequence_separation contact_probability stderr
3 0.160723 0.000280241
5 0.0800171 0.000271646
7 0.0486654 0.00019301
9 0.0330307 0.000179622
11 0.024341 0.000154756
13 0.0188765 0.000143241
15 0.015149 0.000132294
17 0.0125804 0.000125673
19 0.0105505 0.000119035
21 0.00904624 0.000112273
23 0.00787785 0.000111453
25 0.00695933 0.00010775
27 0.00623612 0.00010406
29 0.00560987 9.56091e-05
31 0.0049913 8.43522e-05
33 0.00450571 7.9995e-05
35 0.00401751 7.42356e-05
37 0.00381064 6.61389e-05
39 0.00355907 7.55493e-05
41 0.00332466 7.00021e-05
43 0.0030307 6.87256e-05
45 0.00282165 6.32252e-05
47 0.00272972 6.77185e-05
49 0.00258418 6.70779e-05
51 0.00237656 6.5259e-05
53 0.00225447 6.28399e-05
55 0.00213878 6.6582e-05
57 0.00208733 5.56811e-05
59 0.00191813 5.48404e-05
61 0.00175104 5.47481e-05
63 0.00167826 5.93368e-05
65 0.00166714 5.77096e-05
67 0.00165997 5.22513e-05
69 0.00148147 5.42159e-05
71 0.00138471 4.3782e-05
73 0.00137747 4.4295e-05
75 0.00128918 4.45709e-05
77 0.00128271 4.45228e-05
79 0.00122906 4.31972e-05
81 0.00121361 4.33207e-05
83 0.00115636 4.70691e-05
85 0.00115338 4.05667e-05
87 0.00106455 4.11442e-05
89 0.00104048 4.24256e-05
91 0.000995471 4.21354e-05
93 0.000956703 3.62942e-05
95 0.000885481 3.89081e-05
97 0.000837752 3.08893e-05
99 0.000807428 3.74297e-05
101 0.000882468 4.70569e-05
103 0.000796234 4.31128e-05
105 0.000818231 3.84122e-05
107 0.000732089 3.20489e-05
109 0.000746448 3.59785e-05
111 0.000675131 3.39831e-05
113 0.000699743 3.36552e-05
115 0.000694851 3.0431e-05
117 0.000705478 3.40037e-05
119 0.000673518 3.11605e-05
121 0.000658117 3.17612e-05
123 0.000630464 3.41022e-05
125 0.000593426 2.78302e-05
127 0.000626437 3.10338e-05
129 0.000567611 2.91412e-05
131 0.000506692 2.61617e-05
133 0.000589083 3.31153e-05
135 0.000549328 2.73704e-05
137 0.000542909 2.91978e-05
139 0.000541559 2.58026e-05
141 0.000481936 2.66842e-05
143 0.000473255 3.24192e-05
145 0.000487449 3.01986e-05
147 0.000452533 2.99703e-05
149 0.00048281 2.44682e-05
151 0.000454607 3.00204e-05
153 0.000427976 2.45265e-05
155 0.000414219 2.47305e-05
157 0.000440899 2.67406e-05
159 0.000446627 2.23541e-05
161 0.000403719 2.54668e-05
163 0.000425894 2.5891e-05
165 0.00040831 2.60979e-05
167 0.00039007 2.61439e-05
169 0.000370831 2.8182e-05
171 0.000394543 2.84429e-05
173 0.00040072 2.55065e-05
175 0.000326643 2.10533e-05
177 0.000358889 2.69204e-05
179 0.000355761 2.40415e-05
181 0.000324334 2.19212e-05
183 0.000320342 2.52674e-05
185 0.000324803 2.65981e-05
187 0.000366305 2.87434e-05
189 0.000317559 2.6581e-05
191 0.000300722 2.21839e-05
193 0.000300284 2.55117e-05
195 0.000287475 2.36201e-05
197 0.000295256 2.09483e-05
199 0.00029047 2.25167e-05
201 0.000267356 2.10338e-05
203 0.000262131 2.15006e-05
205 0.000282153 2.04361e-05
207 0.000271149 2.32531e-05
209 0.00027709 2.19251e-05
211 0.000271779 2.1303e-05
213 0.000292971 2.2373e-05
215 0.000253926 1.92465e-05
217 0.000272946 2.44065e-05
219 0.000261835 2.41877e-05
221 0.000268985 2.29803e-05
223 0.000260326 2.30106e-05
225 0.000242051 2.07488e-05
227 0.000218705 2.19939e-05
229 0.000240611 1.93185e-05
231 0.000217963 1.65064e-05
233 0.000231054 1.96247e-05
235 0.000235187 2.19455e-05
237 0.000246903 2.07086e-05
239 0.000233402 2.16867e-05
241 0.000238374 2.24066e-05
243 0.000238228 2.06044e-05
245 0.000196364 1.70042e-05
247 0.000227231 1.70673e-05
249 0.000217805 1.93276e-05
251 0.000230852 1.93116e-05
253 0.000225049 2.14251e-05
255 0.000200541 1.8337e-05
257 0.000242855 2.06933e-05
259 0.000226438 2.00068e-05
261 0.000207818 1.62373e-05
263 0.000213274 1.6932e-05
265 0.000192859 1.83008e-05
267 0.000200616 1.91583e-05
269 0.000166139 1.72748e-05
271 0.000195795 1.69998e-05
273 0.000211378 1.79509e-05
275 0.000178732 1.57136e-05
277 0.000177144 1.62096e-05
279 0.000199299 2.15736e-05
281 0.000181421 1.92183e-05
283 0.000204663 2.13599e-05
285 0.000168727 1.75234e-05
287 0.000137225 1.2142e-05
289 0.000175124 1.80902e-05
291 0.000166536 1.55043e-05
293 0.000158899 1.44623e-05
295 0.00017793 1.73228e-05
297 0.000197251 1.76218e-05
299 0.000180451 1.5849e-05
301 0.000153668 1.3346e-05
303 0.000132309 1.26115e-05
305 0.000164262 1.81757e-05
307 0.000145235 1.48977e-05
309 0.000165089 1.58654e-05
311 0.000159722 1.67869e-05
313 0.000157895 1.66698e-05
315 0.000139588 1.41997e-05
317 0.000135816 1.69579e-05
319 0.000165576 1.67769e-05
321 0.000135481 1.32212e-05
323 0.000157717 1.73018e-05
325 0.000177912 1.59084e-05
327 0.000157976 1.55951e-05
329 0.000142387 1.444e-05
331 0.000154781 1.34948e-05
333 0.000143193 1.55891e-05
335 0.000140655 1.41543e-05
337 0.000155631 1.53702e-05
339 0.000137892 1.42752e-05
341 0.000130375 1.58752e-05
343 0.000144406 1.47477e-05
345 0.00015806 1.7211e-05
347 0.000141013 1.66323e-05
349 0.000127876 1.67326e-05
351 0.000136374 1.46056e-05
353 0.000112128 1.25654e-05
355 0.000134114 1.46808e-05
357 0.000123096 1.44804e-05
359 0.000132161 1.47473e-05
361 0.000131988 1.475e-05
363 0.000122884 1.49537e-05
365 0.000141999 1.47066e-05
367 0.000128142 1.2436e-05
369 0.000125211 1.5823e-05
371 0.000119568 1.58576e-05
373 0.000121341 1.47986e-05
375 0.00011513 1.3782e-05
377 0.000110815 1.38983e-05
379 0.000106104 1.30678e-05
381 0.0001166 1.48011e-05
383 0.000113823 1.40505e-05
385 0.000131557 1.43576e-05
387 0.00010796 1.27833e-05
389 0.000110283 1.56644e-05
391 0.000109805 1.47614e-05
393 0.000117521 1.39403e-05
395 0.000109348 1.49739e-05
397 0.00011585 1.48533e-05
399 0.000118087 1.57566e-05
401 0.000106715 1.25074e-05
403 9.63631e-05 1.16863e-05
405 9.50009e-05 1.401e-05
407 0.00011752 1.34969e-05
409 0.000130511 1.56541e-05
411 0.000115351 1.42315e-05
413 0.00010627 1.17145e-05
415 0.000114591 1.57385e-05
417 0.000113565 1.56076e-05
419 0.000108443 1.34443e-05
421 8.61954e-05 1.093e-05
423 9.35575e-05 1.15932e-05
425 8.23109e-05 1.17583e-05
427 0.000101596 1.3952e-05
429 9.95436e-05 1.44576e-05
431 8.18264e-05 1.33126e-05
433 9.03221e-05 1.34679e-05
435 8.70818e-05 1.21659e-05
437 9.9967e-05 1.48585e-05
439 9.76487e-05 1.53015e-05
441 8.48723e-05 1.16321e-05
443 0.000102283 1.44721e-05
445 7.89741e-05 1.0382e-05
447 7.79945e-05 1.14538e-05
449 7.28517e-05 1.05306e-05
451 8.87167e-05 1.35502e-05
453 8.96074e-05 1.29895e-05
455 0.000106417 1.64448e-05
457 9.92039e-05 1.312e-05
459 7.73481e-05 1.30359e-05
461 8.28514e-05 1.23735e-05
463 8.08688e-05 1.18916e-05
465 9.72451e-05 1.25836e-05
467 0.000106701 1.52769e-05
469 7.97504e-05 1.1494e-05
471 7.7508e-05 1.10693e-05
473 6.12674e-05 9.5048e-06
475 6.96271e-05 1.04168e-05
477 7.0769e-05 1.00878e-05
479 7.20202e-05 9.88306e-06
481 8.09063e-05 1.20413e-05
483 7.89501e-05 1.32143e-05
485 8.60196e-05 1.36873e-05
487 6.60288e-05 9.71419e-06
489 7.78918e-05 1.16519e-05
491 7.67309e-05 1.35056e-05
493 6.90195e-05 9.95327e-06
495 6.67327e-05 1.06803e-05
497 7.32214e-05 1.21726e-05
499 7.94573e-05 1.25162e-05
501 7.26748e-05 1.04719e-05
503 6.28853e-05 8.92711e-06
505 7.25455e-05 1.02439e-05
507 8.66083e-05 1.26805e-05
509 0.00010798 1.39679e-05
511 8.60598e-05 1.15497e-05
513 9.41545e-05 1.38761e-05
515 8.69395e-05 1.14418e-05
517 7.00601e-05 9.12184e-06
519 8.10004e-05 1.28099e-05
521 7.971e-05 1.16386e-05
523 9.20056e-05 1.26034e-05
525 8.17752e-05 1.25003e-05
527 8.4336e-05 1.15699e-05
529 8.52762e-05 1.26323e-05
531 6.9073e-05 1.12397e-05
533 7.67753e-05 1.09498e-05
535 7.58426e-05 1.23175e-05
537 5.97632e-05 1.14545e-05
539 5.9129e-05 9.77916e-06
541 8.93206e-05 1.25295e-05
543 8.19203e-05 1.2581e-05
545 6.97481e-05 1.09058e-05
547 6.7269e-05 1.16093e-05
549 5.08474e-05 8.87067e-06
551 7.05247e-05 9.68195e-06
553 4.59366e-05 9.08073e-06
555 6.14441e-05 9.86511e-06
557 6.70699e-05 1.04465e-05
559 8.01647e-05 1.31078e-05
561 6.32088e-05 9.30531e-06
563 5.94394e-05 9.34214e-06
565 7.4261e-05 1.26123e-05
567 7.03164e-05 1.20061e-05
569 7.3092e-05 9.84925e-06
571 6.84137e-05 9.61271e-06
573 6.98973e-05 1.12314e-05
575 6.86515e-05 1.0231e-05
577 6.29054e-05 1.2876e-05
579 5.44202e-05 1.11626e-05
581 5.29102e-05 9.77723e-06
583 5.15527e-05 9.80935e-06
585 6.26447e-05 1.16826e-05
587 6.28718e-05 1.04686e-05
589 6.812e-05 9.55223e-06
591 6.24194e-05 1.02507e-05
593 6.17024e-05 1.00863e-05
595 5.98744e-05 9.66422e-06
597 6.27385e-05 1.06104e-05
599 5.96586e-05 9.92093e-06
601 5.52259e-05 8.91838e-06
603 5.74344e-05 8.30157e-06
605 6.33732e-05 1.10193e-05
607 8.17788e-05 1.25588e-05
609 5.63767e-05 9.71812e-06
611 7.58077e-05 1.25391e-05
613 5.41065e-05 1.0909e-05
615 6.0812e-05 1.02539e-05
617 6.16216e-05 1.03589e-05
619 5.20378e-05 9.75582e-06
621 5.41379e-05 1.02336e-05
623 5.76662e-05 1.09763e-05
625 5.66444e-05 1.25477e-05
627 4.48271e-05 8.50647e-06
629 4.94076e-05 1.01758e-05
631 5.64764e-05 9.78667e-06
633 4.53824e-05 8.43424e-06
635 5.03038e-05 7.59911e-06
637 4.69481e-05 7.30701e-06
639 3.75553e-05 7.22762e-06
641 4.10723e-05 7.4516e-06
643 4.73288e-05 8.16033e-06
645 4.94527e-05 7.94697e-06
647 6.20326e-05 9.77756e-06
649 4.50241e-05 8.29071e-06
651 4.40706e-05 8.35034e-06
653 4.18809e-05 8.68716e-06
655 5.37509e-05 9.64434e-06
657 4.49144e-05 7.87914e-06
659 4.99181e-05 9.58926e-06
661 4.2127e-05 8.27003e-06
663 5.09006e-05 9.29688e-06
665 5.95694e-05 1.2063e-05
667 4.66035e-05 1.0595e-05
669 5.14463e-05 1.04036e-05
671 4.48814e-05 1.03934e-05
673 4.44737e-05 9.61633e-06
675 4.44652e-05 9.91006e-06
677 4.3651e-05 8.88551e-06
679 5.02212e-05 7.97864e-06
681 4.95006e-05 9.42108e-06
683 5.45558e-05 9.29791e-06
685 5.8189e-05 1.0274e-05
687 5.83102e-05 1.00081e-05
689 4.10701e-05 7.87909e-06
691 6.08085e-05 1.37695e-05
693 4.83263e-05 1.11072e-05
695 4.60014e-05 1.17788e-05
697 4.91788e-05 1.06803e-05
699 4.52435e-05 9.78742e-06
701 3.37181e-05 8.60706e-06
703 3.4424e-05 7.96038e-06
705 4.91863e-05 1.13557e-05
707 5.02981e-05 1.32768e-05
709 4.06959e-05 9.5593e-06
711 4.2755e-05 1.01029e-05
713 3.27042e-05 9.46544e-06
715 3.45647e-05 8.03374e-06
717 4.94415e-05 9.33371e-06
719 4.88047e-05 1.15371e-05
721 4.1249e-05 1.17958e-05
723 4.33824e-05 8.73729e-06
725 5.40776e-05 1.31598e-05
727 6.46322e-05 1.58529e-05
729 4.25672e-05 1.0291e-05
731 4.51791e-05 9.37716e-06
733 4.89245e-05 1.03684e-05
735 4.123e-05 9.2048e-06
737 3.65855e-05 7.5548e-06
739 4.19432e-05 8.36255e-06
741 4.53885e-05 8.32069e-06
743 5.46496e-05 1.12173e-05
745 5.2788e-05 9.47906e-06
747 4.91274e-05 9.59251e-06
749 5.88291e-05 1.31484e-05
751 5.87179e-05 1.37868e-05
753 4.64346e-05 9.74365e-06
755 6.15288e-05 1.11193e-05
757 6.34181e-05 1.29155e-05
759 4.55935e-05 9.77589e-06
761 4.70811e-05 1.07804e-05
763 5.4564e-05 1.19344e-05
765 6.39981e-05 1.24612e-05
767 4.97042e-05 1.05724e-05
769 4.61379e-05 9.69849e-06
771 5.44763e-05 1.16622e-05
773 3.96505e-05 8.69872e-06
775 4.76226e-05 1.14187e-05
777 2.57478e-05 5.82002e-06
779 3.18064e-05 7.96283e-06
781 4.23613e-05 8.76031e-06
783 3.41351e-05 8.91564e-06
785 4.16272e-05 9.4122e-06
787 5.11237e-05 1.18993e-05
789 4.30122e-05 1.07759e-05
791 3.77373e-05 8.75801e-06
793 3.47063e-05 8.47652e-06
795 4.36279e-05 8.42739e-06
797 4.23191e-05 9.38144e-06
799 4.18449e-05 8.46741e-06
801 3.89236e-05 1.01146e-05
803 4.02815e-05 9.2998e-06
805 4.32543e-05 9.73913e-06
807 3.62633e-05 7.59208e-06
809 3.68697e-05 8.45593e-06
811 3.32291e-05 7.89021e-06
813 3.61352e-05 8.1536e-06
815 3.21228e-05 7.11291e-06
817 3.39797e-05 8.08698e-06
819 3.82449e-05 7.80642e-06
821 4.7634e-05 1.31675e-05
823 3.35791e-05 8.02963e-06
825 3.11379e-05 7.08364e-06
827 3.58817e-05 8.22592e-06
829 4.06159e-05 9.58208e-06
831 2.46399e-05 6.5588e-06
833 2.75263e-05 7.77216e-06
835 2.94504e-05 6.67846e-06
837 3.57338e-05 7.96732e-06
839 4.08127e-05 8.94902e-06
841 3.05255e-05 8.20663e-06
843 3.72883e-05 8.04972e-06
845 2.36809e-05 6.87715e-06
847 3.81623e-05 9.65403e-06
849 3.20894e-05 6.48431e-06
851 3.90843e-05 7.98439e-06
853 4.27885e-05 8.58678e-06
855 3.56808e-05 7.79067e-06
857 3.50204e-05 9.26098e-06
859 4.21237e-05 9.83365e-06
861 4.25906e-05 1.01354e-05
863 2.83904e-05 6.28089e-06
865 3.12639e-05 7.07771e-06
867 2.14673e-05 6.77378e-06
869 2.17954e-05 7.16518e-06
871 3.55074e-05 8.72341e-06
873 3.57055e-05 8.3243e-06
875 2.38483e-05 6.50039e-06
877 3.45451e-05 8.43322e-06
879 2.64804e-05 6.15236e-06
881 2.84061e-05 7.0574e-06
883 2.78138e-05 8.23922e-06
885 2.50126e-05 5.87294e-06
887 2.36927e-05 6.17931e-06
889 2.84392e-05 8.23886e-06
891 2.26417e-05 7.70586e-06
893 2.31724e-05 6.71796e-06
895 1.94423e-05 5.35153e-06
897 2.794e-05 6.316e-06
899 3.07171e-05 7.01485e-06
901 2.83987e-05 8.50193e-06
903 2.46555e-05 6.68807e-06
905 2.52227e-05 5.77047e-06
907 2.37087e-05 5.90633e-06
909 2.31664e-05 5.15858e-06
911 1.54126e-05 4.37268e-06
913 1.68821e-05 4.78676e-06
915 1.24039e-05 3.74124e-06
917 1.87611e-05 7.45316e-06
919 2.57546e-05 6.53228e-06
921 2.86631e-05 7.89367e-06
923 2.65088e-05 5.99813e-06
925 2.12066e-05 5.22875e-06
927 2.25566e-05 6.27277e-06
929 2.18335e-05 6.3757e-06
931 2.53229e-05 6.44701e-06
933 2.29924e-05 6.47418e-06
935 1.60548e-05 4.42089e-06
937 2.39116e-05 6.16327e-06
939 2.76197e-05 7.47519e-06
941 2.31574e-05 6.97858e-06
943 2.29898e-05 7.29381e-06
945 2.35489e-05 6.35066e-06
947 2.07865e-05 6.17919e-06
949 1.98274e-05 4.71423e-06
951 2.25278e-05 5.47674e-06
953 2.33584e-05 6.27905e-06
955 1.7614e-05 5.48874e-06
957 2.12592e-05 5.27772e-06
959 2.14353e-05 5.36074e-06
961 1.47247e-05 5.24264e-06
963 1.98375e-05 5.01768e-06
965 2.24388e-05 6.4178e-06
967 1.4883e-05 5.84535e-06
969 2.02968e-05 6.10297e-06
971 1.71166e-05 4.5379e-06
973 2.03107e-05 5.85127e-06
975 2.0135e-05 6.74992e-06
977 1.82493e-05 6.56453e-06
979 2.73823e-05 8.30875e-06
981 2.1562e-05 5.57764e-06
983 3.03902e-05 7.27179e-06
985 2.21669e-05 6.60549e-06
987 1.94416e-05 5.95988e-06
989 1.27325e-05 4.03369e-06
991 1.847e-05 5.47116e-06
993 1.34467e-05 4.13451e-06
995 1.83566e-05 6.3401e-06
997 2.00519e-05 5.42573e-06
999 1.76196e-05 5.56023e-06
1001 1.97061e-05 6.67638e-06
1003 3.42928e-05 9.20958e-06
1005 2.34199e-05 5.75075e-06
1007 2.80439e-05 8.05404e-06
1009 3.02925e-05 6.70624e-06
1011 2.76425e-05 8.63616e-06
1013 2.23026e-05 5.92779e-06
1015 1.44612e-05 3.9507e-06
1017 1.99306e-05 6.54303e-06
1019 3.26633e-05 8.66193e-06
1021 2.45715e-05 6.28151e-06
1023 1.81434e-05 5.14441e-06
1025 2.30675e-05 6.65426e-06
1027 2.73763e-05 7.40524e-06
1029 2.31161e-05 7.7592e-06
1031 2.58633e-05 5.90672e-06
1033 2.64491e-05 6.28917e-06
1035 1.43642e-05 4.20624e-06
1037 1.64258e-05 4.36257e-06
1039 2.18466e-05 6.54725e-06
1041 1.40209e-05 5.29508e-06
1043 2.32383e-05 6.65592e-06
1045 1.25444e-05 4.32007e-06
1047 1.22912e-05 4.57155e-06
1049 1.30378e-05 4.73804e-06
1051 2.1738e-05 8.33672e-06
1053 1.51289e-05 4.52393e-06
1055 1.37461e-05 5.00862e-06
1057 1.12973e-05 3.57175e-06
1059 1.24704e-05 3.98624e-06
1061 1.16817e-05 3.97191e-06
1063 1.65777e-05 4.59318e-06
1065 2.05587e-05 6.80302e-06
1067 2.02357e-05 5.28872e-06
1069 1.6123e-05 4.6051e-06
1071 2.31037e-05 5.79896e-06
1073 1.81486e-05 6.0607e-06
1075 2.38409e-05 6.40398e-06
1077 2.11802e-05 5.71409e-06
1079 1.92209e-05 5.32958e-06
1081 1.65527e-05 4.36299e-06
1083 1.69345e-05 5.16653e-06
1085 1.85031e-05 5.24868e-06
1087 1.66828e-05 4.79776e-06
1089 1.89658e-05 6.72629e-06
1091 1.08791e-05 5.39242e-06
1093 2.29016e-05 7.46653e-06
1095 1.52223e-05 5.14811e-06
1097 1.1406e-05 3.85306e-06
1099 1.48381e-05 4.94488e-06
1101 1.4939e-05 5.02778e-06
1103 2.17296e-05 6.40815e-06
1105 1.73827e-05 5.12224e-06
1107 1.11117e-05 4.37695e-06
1109 1.65108e-05 5.77037e-06
1111 2.48071e-05 8.13169e-06
1113 1.3327e-05 5.03644e-06
1115 1.62983e-05 8.24451e-06
1117 1.53947e-05 6.61862e-06
1119 2.60653e-05 7.71584e-06
1121 1.8608e-05 4.68913e-06
1123 2.05497e-05 6.10134e-06
1125 3.05085e-05 8.75525e-06
1127 2.61815e-05 6.87615e-06
1129 2.5451e-05 8.10488e-06
1131 1.97138e-05 6.26038e-06
1133 2.59888e-05 7.2438e-06
1135 1.7209e-05 5.7346e-06
1137 1.38886e-05 4.90072e-06
1139 1.88827e-05 7.10401e-06
1141 2.24668e-05 6.61797e-06
1143 2.93651e-05 7.56952e-06
1145 1.75824e-05 4.90841e-06
1147 2.94192e-05 8.58628e-06
1149 2.32113e-05 8.49414e-06
1151 3.36149e-05 9.64587e-06
1153 2.23423e-05 5.98564e-06
1155 2.23816e-05 6.02272e-06
1157 1.89979e-05 5.3042e-06
1159 2.05303e-05 6.98327e-06
1161 1.94297e-05 6.38168e-06
1163 2.1265e-05 6.10949e-06
1165 1.9371e-05 6.36732e-06
1167 1.79784e-05 6.49009e-06
1169 2.37253e-05 6.59518e-06
1171 2.09533e-05 6.59811e-06
1173 1.75463e-05 5.55499e-06
1175 1.73066e-05 5.30327e-06
1177 2.05942e-05 6.38185e-06
1179 2.28299e-05 7.18967e-06
1181 1.46118e-05 5.05025e-06
1183 2.04313e-05 5.3729e-06
1185 1.45545e-05 4.79518e-06
1187 1.3638e-05 4.85506e-06
1189 1.8521e-05 6.82614e-06
1191 3.3099e-05 8.89557e-06
1193 2.50104e-05 8.14921e-06
1195 2.2926e-05 8.05779e-06
1197 1.30849e-05 3.91301e-06
1199 1.38608e-05 3.69321e-06
1201 7.72372e-06 2.6283e-06
1203 1.18786e-05 4.51638e-06
1205 8.59469e-06 3.82966e-06
1207 1.03544e-05 2.94885e-06
1209 1.35911e-05 5.53407e-06
1211 2.44733e-05 8.66247e-06
1213 1.45734e-05 5.2425e-06
1215 1.96894e-05 7.04468e-06
1217 1.34755e-05 4.51362e-06
1219 2.32527e-05 6.73382e-06
1221 1.39053e-05 4.64392e-06
1223 2.31127e-05 8.23091e-06
1225 2.2932e-05 6.36578e-06
1227 2.11625e-05 5.82784e-06
1229 1.72653e-05 4.61106e-06
1231 2.19106e-05 6.82573e-06
1233 2.39473e-05 8.24669e-06
1235 1.84096e-05 5.22591e-06
1237 1.73108e-05 5.66172e-06
1239 1.4742e-05 6.20998e-06
1241 9.68073e-06 3.69608e-06
1243 1.33305e-05 4.39225e-06
1245 2.34345e-05 7.8969e-06
1247 1.68914e-05 6.45974e-06
1249 1.0785e-05 3.075e-06
1251 6.81243e-06 2.89774e-06
1253 1.21693e-05 5.07429e-06
1255 1.66222e-05 5.28539e-06
1257 1.92527e-05 6.16849e-06
1259 2.64893e-05 7.72101e-06
1261 2.05842e-05 6.08671e-06
1263 1.93104e-05 5.61876e-06
1265 1.07328e-05 3.3469e-06
1267 2.03199e-05 5.85191e-06
1269 1.70361e-05 4.9738e-06
1271 2.07259e-05 6.48585e-06
1273 2.07785e-05 6.5965e-06
1275 1.39061e-05 3.93264e-06
1277 2.29066e-05 7.38992e-06
1279 1.3885e-05 4.63309e-06
1281 1.01417e-05 3.97748e-06
1283 1.07803e-05 4.32243e-06
1285 1.36741e-05 4.59065e-06
1287 1.63197e-05 4.70242e-06
1289 2.03668e-05 6.22891e-06
1291 7.62447e-06 2.9194e-06
1293 1.31596e-05 5.31962e-06
1295 1.14323e-05 4.51897e-06
1297 1.34368e-05 4.98576e-06
1299 5.78028e-06 2.62978e-06
1301 1.0831e-05 3.63514e-06
1303 8.89538e-06 3.70748e-06
1305 1.194e-05 4.27889e-06
1307 1.02048e-05 3.42975e-06
1309 7.21126e-06 2.63433e-06
1311 8.87801e-06 3.41296e-06
1313 8.80836e-06 3.72693e-06
1315 9.27455e-06 4.18026e-06
1317 2.22475e-05 6.78684e-06
1319 1.77285e-05 5.53729e-06
1321 2.36687e-05 6.47287e-06
1323 2.03686e-05 6.62021e-06
1325 2.00289e-05 6.75057e-06
1327 2.37454e-05 7.7131e-06
1329 2.30634e-05 5.6903e-06
1331 2.37854e-05 6.62864e-06
1333 2.06303e-05 6.68015e-06
1335 1.59675e-05 5.42832e-06
1337 1.9978e-05 5.30668e-06
1339 8.96506e-06 3.16768e-06
1341 1.20794e-05 3.90415e-06
1343 2.56728e-05 8.44548e-06
1345 1.41807e-05 4.06404e-06
1347 1.71452e-05 4.75272e-06
1349 2.09716e-05 6.03739e-06
1351 1.22462e-05 3.82552e-06
1353 1.90765e-05 5.66678e-06
1355 1.39385e-05 4.18643e-06
1357 1.3145e-05 3.89477e-06
1359 9.10363e-06 2.902e-06
1361 1.48466e-05 5.05485e-06
1363 1.32391e-05 4.5941e-06
1365 7.19767e-06 3.06658e-06
1367 1.34745e-05 4.9201e-06
1369 1.43395e-05 5.79977e-06
1371 1.76297e-05 5.03376e-06
1373 2.02644e-05 6.70364e-06
1375 1.66142e-05 4.59962e-06
1377 1.58786e-05 4.61327e-06
1379 1.35633e-05 3.83579e-06
1381 1.22133e-05 3.9037e-06
1383 1.33527e-05 3.95624e-06
1385 1.89576e-05 5.48726e-06
1387 2.10858e-05 6.17269e-06
1389 1.32437e-05 4.19402e-06
1391 9.81195e-06 4.43434e-06
1393 7.92517e-06 2.69161e-06
1395 1.20871e-05 3.80871e-06
1397 1.50385e-05 4.14919e-06
1399 1.45192e-05 5.391e-06
1401 9.76198e-06 3.21634e-06
1403 1.20327e-05 4.32181e-06
1405 1.57499e-05 6.38368e-06
1407 1.65578e-05 6.43665e-06
1409 1.94468e-05 7.51639e-06
1411 2.3019e-05 9.55901e-06
1413 1.66673e-05 6.7424e-06
1415 1.39961e-05 5.6674e-06
1417 9.78409e-06 4.43893e-06
1419 8.86976e-06 4.44066e-06
1421 1.26804e-05 4.91777e-06
1423 1.86823e-05 6.48266e-06
1425 5.92524e-06 2.70199e-06
1427 6.78697e-06 2.8356e-06
1429 5.88561e-06 4.07169e-06
1431 1.08201e-05 3.64014e-06
1433 1.10684e-05 3.44297e-06
1435 7.93548e-06 3.94823e-06
1437 9.78605e-06 3.51721e-06
1439 9.59715e-06 5.29795e-06
1441 9.84946e-06 4.70834e-06
1443 1.11867e-05 4.30738e-06
1445 1.7262e-05 7.25624e-06
1447 1.20873e-05 4.35801e-06
1449 1.963e-05 7.68124e-06
1451 6.98986e-06 3.25343e-06
1453 1.21687e-05 4.37132e-06
1455 1.90125e-05 9.63035e-06
1457 1.60868e-05 5.96789e-06
1459 1.27436e-05 5.8173e-06
1461 1.69205e-05 5.97577e-06
1463 1.20746e-05 4.30461e-06
1465 1.37334e-05 5.65918e-06
1467 2.09814e-05 6.78226e-06
1469 2.03029e-05 6.93336e-06
1471 1.755e-05 6.38578e-06
1473 2.13853e-05 7.36085e-06
1475 1.597e-05 6.0693e-06
1477 1.58159e-05 6.87995e-06
1479 1.68603e-05 7.83728e-06
1481 1.73168e-05 6.5904e-06
1483 1.10466e-05 3.41784e-06
1485 1.1027e-05 4.49379e-06
1487 6.96511e-06 3.56011e-06
1489 1.10949e-05 4.20804e-06
1491 1.60809e-05 8.30002e-06
1493 1.10968e-05 4.42443e-06
1495 1.31321e-05 5.45073e-06
1497 9.8745e-06 4.28482e-06
1499 8.04504e-06 3.40501e-06
1501 1.47195e-05 5.26234e-06
1503 1.183e-05 4.01787e-06
1505 1.18868e-05 4.69665e-06
1507 9.82937e-06 4.71697e-06
1509 4.89981e-06 3.21979e-06
1511 1.27372e-05 5.82054e-06
1513 1.28307e-05 4.53991e-06
1515 1.09388e-05 3.93843e-06
1517 9.25539e-06 3.96962e-06
1519 1.09832e-05 4.94063e-06
1521 1.19063e-05 4.41384e-06
1523 1.23301e-05 4.5112e-06
1525 2.49919e-05 7.61613e-06
1527 1.57065e-05 4.74245e-06
1529 1.49251e-05 5.33242e-06
1531 1.39333e-05 3.95199e-06
1533 1.60094e-05 5.28879e-06
1535 1.78721e-05 4.77483e-06
1537 1.91134e-05 6.01034e-06
1539 1.19843e-05 4.51011e-06
1541 1.90254e-05 6.13131e-06
1543 9.97073e-06 3.8673e-06
1545 3.9167e-06 1.92113e-06
1547 4.86598e-06 2.85303e-06
1549 1.08205e-05 3.88345e-06
1551 8.98749e-06 4.05647e-06
1553 1.58582e-05 5.67147e-06
1555 1.25991e-05 5.17383e-06
1557 1.06801e-05 3.84015e-06
1559 1.37847e-05 5.29868e-06
1561 1.07881e-05 4.32195e-06
1563 3.9404e-06 1.93121e-06
1565 9.82296e-06 3.99998e-06
1567 8.9117e-06 3.96609e-06
1569 1.28639e-05 5.87922e-06
1571 5.01004e-06 2.18613e-06
1573 5.00504e-06 2.59668e-06
1575 6.15714e-06 2.86826e-06
1577 1.12782e-05 5.08119e-06
1579 9.23026e-06 3.59453e-06
1581 6.23443e-06 3.24007e-06
1583 7.24854e-06 4.52482e-06
1585 7.18504e-06 3.28012e-06
1587 4.92136e-06 2.56336e-06
1589 9.24546e-06 3.33838e-06
1591 1.63967e-05 5.76943e-06
1593 9.03637e-06 3.48023e-06
1595 1.11953e-05 3.79228e-06
1597 1.02028e-05 4.18292e-06
1599 1.02619e-05 4.05152e-06
1601 1.13787e-05 4.56682e-06
1603 1.89703e-05 8.70534e-06
1605 9.17584e-06 3.51003e-06
1607 1.09286e-05 3.96179e-06
1609 9.95629e-06 4.57966e-06
1611 5.02602e-06 2.19382e-06
1613 2.94997e-06 1.68006e-06
1615 5.05822e-06 2.20644e-06
1617 4.09156e-06 2.50447e-06
1619 1.12032e-05 5.6762e-06
1621 1.14132e-05 4.28525e-06
1623 1.29223e-05 4.91983e-06
1625 6.81023e-06 3.15326e-06
1627 1.50876e-05 5.46922e-06
1629 1.69214e-05 5.73692e-06
1631 1.5609e-05 5.91882e-06
1633 8.35407e-06 3.55155e-06
1635 1.35628e-05 5.52622e-06
1637 8.35294e-06 4.09702e-06
1639 5.07952e-06 3.27616e-06
1641 7.11176e-06 3.30836e-06
1643 8.17103e-06 3.94589e-06
1645 1.36117e-05 4.91609e-06
1647 1.23664e-05 4.73793e-06
1649 1.5632e-05 5.52222e-06
1651 1.11203e-05 4.72377e-06
1653 8.80785e-06 3.84973e-06
1655 8.83937e-06 3.71047e-06
1657 1.9352e-05 6.73092e-06
1659 1.13213e-05 5.11215e-06
1661 8.94945e-06 4.21597e-06
1663 1.20974e-05 4.76597e-06
1665 1.13302e-05 5.71943e-06
1667 1.44553e-05 4.64894e-06
1669 1.15232e-05 3.8938e-06
1671 9.35513e-06 3.34383e-06
1673 6.25249e-06 2.97536e-06
1675 1.25698e-05 5.25862e-06
1677 2.02799e-05 7.36536e-06
1679 1.48544e-05 5.21514e-06
1681 1.2291e-05 5.4621e-06
1683 1.52917e-05 5.6247e-06
1685 7.03908e-06 3.25876e-06
1687 8.27357e-06 3.14251e-06
1689 6.22247e-06 2.84115e-06
1691 1.3476e-05 5.35375e-06
1693 1.55154e-05 5.14569e-06
1695 1.45363e-05 4.85506e-06
1697 8.09091e-06 4.45991e-06
1699 9.11421e-06 3.52691e-06
1701 9.98557e-06 4.69914e-06
1703 1.39625e-05 5.67719e-06
1705 1.11291e-05 5.38064e-06
1707 5.55351e-06 2.92046e-06
1709 5.29565e-06 2.31526e-06
1711 7.43265e-06 3.46626e-06
1713 9.63474e-06 4.52373e-06
1715 1.46288e-05 7.12408e-06
1717 1.29057e-05 7.11084e-06
1719 7.16774e-06 3.56945e-06
1721 7.48356e-06 4.17276e-06
1723 1.12414e-05 4.05771e-06
1725 1.34972e-05 4.61169e-06
1727 1.01833e-05 4.22791e-06
1729 1.44256e-05 5.11186e-06
1731 1.32141e-05 5.60515e-06
1733 9.18054e-06 4.08779e-06
1735 1.32412e-05 5.12412e-06
1737 7.24013e-06 3.35941e-06
1739 8.2969e-06 4.29223e-06
1741 8.4507e-06 3.84946e-06
1743 1.07544e-05 4.51953e-06
1745 1.6593e-05 7.23069e-06
1747 1.56189e-05 9.62227e-06
1749 1.70815e-05 6.59729e-06
1751 1.28148e-05 5.4242e-06
1753 1.36906e-05 7.00057e-06
1755 7.3222e-06 3.05599e-06
1757 9.36189e-06 3.98536e-06
1759 7.30718e-06 3.07482e-06
1761 1.15888e-05 4.65367e-06
1763 1.05993e-05 5.13837e-06
1765 8.87689e-06 5.60662e-06
1767 1.02996e-05 5.06862e-06
1769 1.25592e-05 5.52952e-06
1771 1.34211e-05 5.06754e-06
1773 8.31291e-06 3.87242e-06
1775 2.20401e-05 9.44463e-06
1777 1.82644e-05 8.32751e-06
1779 1.03734e-05 4.30788e-06
1781 1.1413e-05 4.15704e-06
1783 1.66959e-05 5.44503e-06
1785 1.58016e-05 5.84625e-06
1787 9.34049e-06 4.6984e-06
1789 9.30565e-06 3.55976e-06
1791 1.15337e-05 5.35898e-06
1793 1.20509e-05 5.61295e-06
1795 1.12732e-05 4.49015e-06
1797 1.032e-05 4.00952e-06
1799 8.25305e-06 4.59652e-06
1801 5.15997e-06 2.65926e-06
1803 5.32113e-06 3.16366e-06
1805 3.09738e-06 2.3064e-06
1809 4.18308e-06 2.05604e-06
1811 5.86753e-06 3.03967e-06
1813 4.07318e-06 1.99888e-06
1815 9.13722e-06 4.97823e-06
1817 6.44542e-06 3.00359e-06
1819 1.05379e-05 5.11866e-06
1821 5.39746e-06 3.60429e-06
1823 1.02725e-05 4.23591e-06
1825 7.34452e-06 2.68092e-06
1827 9.7745e-06 4.13958e-06
1829 6.73602e-06 3.1408e-06
1831 1.43158e-05 7.34158e-06
1833 1.00923e-05 4.78933e-06
1835 6.49242e-06 3.01921e-06
1837 1.29336e-05 5.46099e-06
1839 1.61737e-05 7.43412e-06
1841 1.36414e-05 5.68841e-06
1843 1.69132e-05 7.72395e-06
1845 1.4924e-05 6.5092e-06
1847 1.199e-05 5.53429e-06
1849 1.49273e-05 5.02684e-06
1851 1.26342e-05 4.78457e-06
1853 1.5886e-05 5.3528e-06
1855 1.56935e-05 7.58526e-06
1857 1.58918e-05 8.40992e-06
1859 8.16251e-06 3.41028e-06
1861 1.70095e-05 7.3185e-06
1863 2.999e-06 2.23686e-06
1865 2.8682e-06 2.11625e-06
1867 1.32172e-05 5.29972e-06
1869 1.02195e-05 4.72592e-06
1871 1.41226e-05 4.26289e-06
1873 7.06972e-06 2.95667e-06
1875 1.0198e-05 3.65085e-06
1877 1.34265e-05 4.4369e-06
1879 7.41786e-06 3.09046e-06
1881 9.87531e-06 5.14191e-06
1883 1.19935e-05 5.00216e-06
1885 1.17399e-05 4.69141e-06
1887 7.50627e-06 3.20742e-06
1889 9.33082e-06 3.31401e-06
1891 1.04297e-05 3.13698e-06
1893 1.17047e-05 4.20661e-06
1895 1.75465e-05 6.05512e-06
1897 1.70798e-05 5.89368e-06
1899 1.06457e-05 3.83043e-06
1901 8.24841e-06 3.65633e-06
1903 1.02638e-05 4.7616e-06
1905 1.14711e-05 3.83404e-06
1907 8.41717e-06 3.53212e-06
1909 7.45412e-06 3.11251e-06
1911 8.60166e-06 2.92601e-06
1913 7.58948e-06 4.44952e-06
1915 9.85466e-06 5.82927e-06
1917 8.33872e-06 3.53168e-06
1919 7.60141e-06 3.14083e-06
1921 8.5484e-06 3.89231e-06
1923 1.9815e-06 1.38811e-06
1925 5.43405e-06 2.37983e-06
1927 1.48821e-05 4.74859e-06
1929 5.18757e-06 2.26787e-06
1931 7.15837e-06 2.96737e-06
1933 2.21978e-06 1.55705e-06
1935 8.14471e-06 3.99283e-06
1937 1.03725e-05 4.27079e-06
1939 8.51033e-06 3.7728e-06
1941 8.66445e-06 3.39079e-06
1943 1.2971e-05 6.25284e-06
1945 8.4112e-06 3.5977e-06
1947 1.34773e-05 6.52134e-06
1949 7.27788e-06 3.95017e-06
1951 7.24939e-06 3.00694e-06
1953 6.19242e-06 2.45176e-06
1955 7.4126e-06 3.47358e-06
1957 7.35418e-06 4.40865e-06
1959 5.48232e-06 3.68421e-06
1961 7.40078e-06 3.14943e-06
1963 7.27108e-06 3.63038e-06
1965 1.05182e-05 4.62954e-06
1967 6.44618e-06 2.95358e-06
1969 1.05742e-05 4.31286e-06
1971 8.20113e-06 3.45095e-06
1973 6.02325e-06 3.34784e-06
1975 5.85623e-06 3.56858e-06
1977 3.99868e-06 2.40765e-06
1979 6.90974e-06 3.75159e-06
1981 1.02989e-05 3.95813e-06
1983 5.07712e-06 2.60377e-06
1985 2.37995e-06 1.66616e-06
1987 2.97274e-06 1.69103e-06
1989 6.03796e-06 3.4063e-06
1991 1.94849e-06 1.36412e-06
1993 9.42013e-06 4.15944e-06
1995 7.3098e-06 3.40836e-06
1997 5.16372e-06 2.63617e-06
1999 1.29218e-05 4.71879e-06
2001 6.29651e-06 2.50094e-06
2003 3.03858e-06 1.72833e-06
2005 4.21567e-06 2.06937e-06
2007 8.44103e-06 5.06159e-06
2009 3.51284e-06 2.59841e-06
2011 5.54424e-06 2.82995e-06
2013 6.4419e-06 3.60225e-06
2015 6.38484e-06 2.92858e-06
2017 5.21001e-06 2.70799e-06
2019 6.44495e-06 3.33943e-06
2021 7.07562e-06 4.234e-06
2023 5.25979e-06 2.72635e-06
2025 7.24594e-06 3.66776e-06
2027 6.33415e-06 2.51175e-06
2029 8.26228e-06 3.79278e-06
2031 6.92365e-06 5.01521e-06
2033 4.0523e-06 1.98638e-06
2035 5.1427e-06 2.66418e-06
2037 2.07728e-06 1.4541e-06
2039 9.6965e-07 9.6479e-07
2041 5.36271e-06 2.76362e-06
2043 4.43686e-06 2.75963e-06
2045 1.27091e-05 5.38745e-06
2047 1.08759e-05 4.75233e-06
2049 3.40746e-06 1.94113e-06
2051 8.6987e-06 3.33939e-06
2053 9.82742e-06 3.82086e-06
2055 1.49451e-05 5.12524e-06
2057 8.52934e-06 3.90023e-06
2059 1.14396e-05 4.27199e-06
2061 1.32737e-05 5.54119e-06
2063 1.46456e-05 7.58809e-06
2065 1.01032e-05 4.66711e-06
2067 7.80182e-06 3.2428e-06
2069 6.34006e-06 2.95277e-06
2071 1.75927e-05 8.26107e-06
2073 6.38271e-06 2.96927e-06
2075 1.08728e-05 6.0432e-06
2077 1.07711e-05 4.86394e-06
2079 6.57442e-06 3.03367e-06
2081 6.45883e-06 2.56858e-06
2083 7.60521e-06 3.18217e-06
2085 8.61828e-06 3.64428e-06
2087 7.20789e-06 3.34954e-06
2089 8.54087e-06 3.63047e-06
2091 5.45679e-06 2.8112e-06
2093 7.73312e-06 3.21316e-06
2095 8.6634e-06 4.55712e-06
2097 1.06013e-05 4.09668e-06
2099 1.27762e-05 5.21845e-06
2101 1.09298e-05 3.91357e-06
2103 8.80435e-06 3.31024e-06
2105 6.73892e-06 3.09201e-06
2107 5.4834e-06 2.87836e-06
2109 9.76141e-06 5.11732e-06
2111 3.33653e-06 1.89843e-06
2113 1.10737e-05 5.69969e-06
2115 1.66084e-05 8.44501e-06
2117 5.56318e-06 2.43316e-06
2119 5.47654e-06 2.39164e-06
2121 5.1826e-06 2.64972e-06
2123 7.54181e-06 3.53534e-06
2125 6.74443e-06 3.15249e-06
2127 3.29632e-06 2.48834e-06
2129 4.52825e-06 2.22635e-06
2131 1.16601e-05 6.65755e-06
2133 4.6842e-06 3.64177e-06
2135 9.01344e-06 5.25516e-06
2137 3.34332e-06 1.90644e-06
2139 3.27246e-06 1.86964e-06
2141 3.43163e-06 1.95429e-06
2143 1.42168e-05 6.71856e-06
2145 8.90421e-06 5.02001e-06
2147 8.57963e-06 3.30925e-06
2149 1.276e-05 4.77782e-06
2151 9.18886e-06 4.58305e-06
2153 1.00271e-05 4.38657e-06
2155 1.01159e-05 4.55298e-06
2157 7.51898e-06 3.53287e-06
2159 8.63937e-06 4.47905e-06
2161 8.37618e-06 4.35259e-06
2163 1.17199e-05 6.37498e-06
2165 6.18373e-06 3.4247e-06
2167 5.26571e-06 2.70155e-06
2169 9.84443e-06 4.16772e-06
2171 8.48858e-06 3.53826e-06
2173 7.45553e-06 3.51885e-06
2175 7.73835e-06 4.35895e-06
2177 1.42707e-05 7.59611e-06
2179 1.56775e-05 6.83569e-06
2181 7.03124e-06 5.09035e-06
2183 9.04333e-06 4.47457e-06
2185 8.99418e-06 4.29537e-06
2187 4.14065e-06 2.0314e-06
2189 4.98722e-06 3.2461e-06
2191 1.05828e-05 5.17817e-06
2193 1.01302e-05 5.44817e-06
2195 7.38352e-06 3.62214e-06
2197 9.17663e-06 6.13668e-06
2199 1.11512e-05 4.95803e-06
2201 5.13288e-06 3.29334e-06
2203 8.30136e-06 4.44598e-06
2205 1.48229e-05 6.93079e-06
2207 2.07122e-05 1.25898e-05
2209 1.06287e-05 4.35107e-06
2211 6.57889e-06 2.61057e-06
2213 7.71312e-06 3.57735e-06
2215 1.44154e-05 8.3147e-06
2217 1.11228e-05 7.60168e-06
2219 1.53673e-05 9.68153e-06
2221 3.43993e-06 2.53223e-06
2223 1.03192e-05 4.93917e-06
2225 8.14009e-06 4.42236e-06
2227 6.81994e-06 3.93479e-06
2229 6.39835e-06 3.33532e-06
2231 6.04127e-06 4.17594e-06
2233 5.29226e-06 2.31354e-06
2235 3.14403e-06 1.79134e-06
2237 6.51239e-06 3.04504e-06
2239 8.99228e-06 3.82162e-06
2241 9.77337e-06 3.81806e-06
2243 1.04206e-05 5.10893e-06
2245 7.63115e-06 5.11171e-06
2247 8.34125e-06 4.31376e-06
2249 1.20901e-05 6.17675e-06
2251 1.00615e-05 6.13701e-06
2253 1.10871e-05 6.36184e-06
2255 6.4944e-06 3.85692e-06
2257 7.82464e-06 4.96225e-06
2259 8.61962e-06 4.56346e-06
2261 7.0808e-06 3.71631e-06
2263 6.66032e-06 3.11978e-06
2265 6.6489e-06 3.89902e-06
2267 1.00358e-05 4.40063e-06
2269 1.32014e-05 5.21114e-06
2271 9.78209e-06 4.25547e-06
2273 1.31271e-05 4.64298e-06
2275 1.26869e-05 6.65046e-06
2277 1.20145e-05 5.27849e-06
2279 9.89761e-06 4.27909e-06
2281 1.76644e-05 7.89632e-06
2283 7.62224e-06 3.1216e-06
2285 1.79872e-05 8.52671e-06
2287 1.73866e-05 6.98359e-06
2289 1.40758e-05 5.83862e-06
2291 1.08736e-05 4.41415e-06
2293 1.40449e-05 5.72116e-06
2295 1.09749e-05 4.97709e-06
2297 7.45035e-06 3.46294e-06
2299 6.39645e-06 4.2654e-06
2301 5.27209e-06 2.69575e-06
2303 1.02923e-06 1.02407e-06
2305 1.29627e-05 6.14138e-06
2307 6.89374e-06 3.22695e-06
2309 8.09922e-06 3.41965e-06
2311 3.42434e-06 2.52599e-06
2313 3.40526e-06 1.94634e-06
2315 3.45465e-06 1.97476e-06
2317 7.83515e-06 3.63139e-06
2319 5.62914e-06 3.35757e-06
2321 4.44795e-06 2.19257e-06
2323 2.19014e-06 1.53934e-06
2325 2.19063e-06 1.53969e-06
2327 2.18409e-06 1.53559e-06
2329 6.59343e-06 3.78374e-06
2331 4.19525e-06 2.49529e-06
2333 8.69825e-06 3.6413e-06
2335 6.76877e-06 3.11487e-06
2337 7.92394e-06 4.05311e-06
2339 8.86362e-06 4.56133e-06
2341 5.59089e-06 2.98276e-06
2343 6.86634e-06 3.56827e-06
2345 7.71864e-06 4.13225e-06
2347 5.64093e-06 3.05927e-06
2349 5.73941e-06 3.01438e-06
2351 1.30499e-05 4.41351e-06
2353 6.71199e-06 3.72795e-06
2355 6.68378e-06 3.0682e-06
2357 6.16622e-06 3.44814e-06
2359 6.41026e-06 2.5407e-06
2361 5.56505e-06 2.92893e-06
2363 1.10772e-05 3.62384e-06
2365 1.19134e-05 4.82395e-06
2367 4.87664e-06 3.91926e-06
2369 9.89483e-06 4.42466e-06
2371 5.42914e-06 2.85785e-06
2373 3.53728e-06 2.703e-06
2375 8.92612e-06 4.3845e-06
2377 7.82359e-06 3.54448e-06
2379 8.45965e-06 4.62308e-06
2381 6.56652e-06 4.59317e-06
2383 4.51128e-06 2.69806e-06
2385 4.5374e-06 2.23075e-06
2387 1.24735e-06 1.2411e-06
2389 2.34115e-06 1.64243e-06
2391 2.38099e-06 1.66867e-06
2393 1.00412e-06 9.99087e-07
2395 4.01851e-06 2.42756e-06
2397 4.02054e-06 2.81446e-06
2399 2.10776e-06 1.47656e-06
2401 1.09493e-06 1.08944e-06
2403 3.50482e-06 2.67131e-06
2405 3.38827e-06 2.56404e-06
2407 5.45168e-06 2.77991e-06
2409 5.89136e-06 3.55049e-06
2411 5.97417e-06 3.15594e-06
2413 1.27405e-06 1.26766e-06
2415 5.48725e-06 3.26477e-06
2417 5.42327e-06 2.36935e-06
2419 5.43978e-06 2.37691e-06
2421 4.17429e-06 2.04885e-06
2423 4.24812e-06 2.08438e-06
2425 6.25782e-06 3.19648e-06
2427 3.5686e-06 2.72412e-06
2429 1.27665e-06 1.27025e-06
2431 4.57111e-06 2.88934e-06
2433 3.29487e-06 1.88636e-06
2435 5.37832e-06 2.35591e-06
2437 3.15772e-06 2.35294e-06
2439 5.09813e-06 2.63589e-06
2441 4.3197e-06 2.12325e-06
2443 3.25965e-06 2.35268e-06
2445 1.22474e-06 1.2186e-06
2447 4.27067e-06 2.54619e-06
2449 3.50579e-06 2.0032e-06
2451 3.63738e-06 2.07041e-06
2453 2.15967e-06 1.51424e-06
2455 1.04824e-05 4.79341e-06
2457 5.8808e-06 2.57132e-06
2459 4.46172e-06 2.19011e-06
2461 3.44656e-06 1.96267e-06
2463 4.51309e-06 2.21336e-06
2465 4.58382e-06 2.25176e-06
2467 5.49143e-06 2.80008e-06
2469 5.87207e-06 3.46555e-06
2471 7.89216e-06 3.66487e-06
2473 6.84804e-06 4.68135e-06
2475 3.43296e-06 1.95402e-06
2477 3.22283e-06 2.37822e-06
2479 3.23356e-06 1.84037e-06
2481 4.26814e-06 2.58359e-06
2483 2.12405e-06 1.48793e-06
2485 7.77923e-06 2.84439e-06
2487 9.72211e-06 4.05064e-06
2489 5.54442e-06 2.85949e-06
2491 2.13508e-06 1.49542e-06
2493 7.66424e-06 3.84591e-06
2495 9.68829e-06 6.00061e-06
2497 9.51938e-06 5.39027e-06
2499 1.15831e-05 5.40658e-06
2501 8.99965e-06 3.83434e-06
2503 6.73396e-06 4.13638e-06
2505 7.70734e-06 4.20384e-06
2507 3.54484e-06 2.65473e-06
2509 8.04267e-06 3.70583e-06
2511 4.63278e-06 2.80054e-06
2513 3.49613e-06 2.62225e-06
2515 6.86146e-06 3.12991e-06
2517 6.71371e-06 2.66338e-06
2519 4.38436e-06 2.15238e-06
2521 5.6729e-06 3.00867e-06
2523 6.68541e-06 3.50335e-06
2525 8.49274e-06 4.4167e-06
2527 3.16568e-06 2.35917e-06
2529 5.24363e-06 2.28729e-06
2531 4.51922e-06 2.69477e-06
2533 1.07707e-05 4.69726e-06
2535 1.30963e-05 4.91983e-06
2537 1.02413e-05 4.24195e-06
2539 7.68247e-06 4.76218e-06
2541 1.00989e-05 4.49756e-06
2543 1.23347e-05 5.6511e-06
2545 8.9802e-06 4.12303e-06
2547 1.58346e-05 9.38968e-06
2549 1.87264e-05 9.78735e-06
2551 1.37396e-05 5.59155e-06
2553 1.54466e-05 5.12591e-06
2555 1.45166e-05 4.59298e-06
2557 2.10621e-05 7.29856e-06
2559 1.71034e-05 5.15001e-06
2561 9.34895e-06 4.57809e-06
2563 1.13537e-05 4.87362e-06
2565 4.82756e-06 2.36876e-06
2567 1.05296e-05 4.09621e-06
2569 1.26484e-05 5.00228e-06
2571 7.08496e-06 4.29876e-06
2573 9.34095e-06 3.93542e-06
2575 1.44691e-05 5.27113e-06
2577 1.15175e-05 4.0797e-06
2579 3.35008e-06 3.33329e-06
2581 2.36627e-06 1.66232e-06
2583 4.54704e-06 2.235e-06
2585 7.92812e-06 3.29595e-06
2587 1.31167e-05 5.83913e-06
2589 1.05153e-05 4.11469e-06
2591 1.02015e-05 3.94708e-06
2593 1.40375e-05 4.87841e-06
2595 1.70849e-05 6.49385e-06
2597 9.02059e-06 3.77004e-06
2599 1.06091e-05 4.47154e-06
2601 1.02521e-05 4.53787e-06
2603 1.98012e-05 8.53958e-06
2605 1.50191e-05 6.04027e-06
2607 1.30835e-05 5.40966e-06
2609 1.27892e-05 4.56831e-06
2611 6.86179e-06 3.52561e-06
2613 2.40529e-06 2.39323e-06
2615 8.09779e-06 3.80963e-06
2617 1.05331e-05 4.70044e-06
2619 1.49999e-05 6.31686e-06
2621 1.05423e-05 5.02682e-06
2623 8.13939e-06 3.42824e-06
2625 1.16481e-05 5.36409e-06
2627 8.18799e-06 2.99517e-06
2629 6.80738e-06 2.70445e-06
2631 6.75846e-06 2.68363e-06
2633 7.01311e-06 3.70547e-06
2635 9.08201e-06 4.96777e-06
2637 5.59864e-06 3.31619e-06
2639 3.34079e-06 2.46281e-06
2641 1.1502e-05 6.20027e-06
2643 2.16002e-06 1.51225e-06
2645 6.11107e-06 3.61922e-06
2647 5.77419e-06 2.97808e-06
2649 5.9052e-06 2.58218e-06
2651 1.05491e-05 4.9429e-06
2653 6.89437e-06 3.8796e-06
2655 9.20992e-06 4.80648e-06
2657 6.10764e-06 3.23502e-06
2659 6.1511e-06 3.61915e-06
2661 5.79955e-06 4.65341e-06
2663 6.81634e-06 3.13914e-06
2665 5.85162e-06 2.98986e-06
2667 6.10613e-06 2.66773e-06
2669 6.83439e-06 3.09489e-06
2671 1.21018e-05 6.54273e-06
2673 5.55497e-06 2.83515e-06
2675 6.77136e-06 4.11878e-06
2677 3.33098e-06 1.90136e-06
2679 5.98499e-06 4.01844e-06
2681 3.16256e-06 3.14671e-06
2683 5.51326e-06 2.83054e-06
2685 4.45986e-06 2.18722e-06
2687 1.14227e-05 4.48983e-06
2689 9.97661e-06 4.42159e-06
2691 8.07926e-06 3.99517e-06
2693 3.38567e-06 1.93622e-06
2695 9.68553e-06 4.73408e-06
2697 6.61937e-06 3.03148e-06
2699 5.4914e-06 2.81539e-06
2701 7.10111e-06 4.25374e-06
2703 5.48054e-06 3.18294e-06
2705 5.5993e-06 3.3473e-06
2707 4.36462e-06 2.59809e-06
2709 3.23055e-06 2.36739e-06
2711 4.46779e-06 2.65345e-06
2713 1.41561e-05 7.62648e-06
2715 8.88556e-06 5.59844e-06
2717 6.60361e-06 3.01496e-06
2719 1.41925e-05 6.37651e-06
2721 1.01816e-05 3.91851e-06
2723 8.78122e-06 4.82473e-06
2725 9.8082e-06 3.79098e-06
2727 1.31744e-05 6.66536e-06
2729 1.21998e-05 5.3538e-06
2731 1.32676e-05 5.97193e-06
2733 5.75244e-06 2.9567e-06
2735 7.24671e-06 3.43128e-06
2737 4.98794e-06 3.0692e-06
2739 1.58089e-05 7.74478e-06
2741 7.00578e-06 2.78507e-06
2743 1.05809e-05 5.41863e-06
2745 5.70884e-06 2.49834e-06
2747 1.08107e-05 4.33738e-06
2749 7.8562e-06 3.23867e-06
2751 6.12488e-06 4.17399e-06
2753 7.9948e-06 3.31025e-06
2755 7.80076e-06 4.78607e-06
2757 9.40304e-06 4.18911e-06
2759 1.27136e-05 5.54504e-06
2761 3.59121e-06 2.05033e-06
2763 1.12269e-05 5.28782e-06
2765 8.98411e-06 5.03651e-06
2767 1.35314e-05 6.81187e-06
2769 3.44421e-06 2.56258e-06
2771 1.2604e-06 1.25408e-06
2773 4.42612e-06 2.64581e-06
2775 1.03659e-06 1.03139e-06
2777 4.47865e-06 3.52347e-06
2779 2.20483e-06 2.19378e-06
2781 3.30797e-06 3.29139e-06
2783 1.12625e-06 1.1206e-06
2789 2.4545e-06 1.72367e-06
2791 7.03982e-06 3.71714e-06
2795 3.28045e-06 1.8666e-06
2797 4.59575e-06 2.2606e-06
2799 3.39327e-06 2.43586e-06
2801 1.11198e-06 1.10641e-06
2803 2.22445e-06 2.2133e-06
2805 5.50925e-06 3.63284e-06
2807 7.67573e-06 4.17538e-06
2809 4.36687e-06 2.14183e-06
2811 5.68818e-06 2.91387e-06
2813 3.44202e-06 1.97038e-06
2815 3.28889e-06 1.87297e-06
2817 3.31801e-06 2.41979e-06
2819 3.44431e-06 1.97172e-06
2821 7.85525e-06 3.84404e-06
2823 5.66409e-06 2.9057e-06
2825 3.40204e-06 2.55737e-06
2827 4.55132e-06 2.78763e-06
2829 3.30654e-06 1.88175e-06
2831 4.32425e-06 2.64238e-06
2833 5.25792e-06 3.10405e-06
2835 4.20827e-06 2.53504e-06
2837 5.53791e-06 3.52457e-06
2839 3.42371e-06 2.45456e-06
2841 2.09503e-06 1.46653e-06
2843 4.47693e-06 2.65577e-06
2845 6.93174e-06 3.65949e-06
2847 9.82549e-06 5.268e-06
2849 3.43549e-06 1.96784e-06
2851 2.09723e-06 1.46807e-06
2853 1.05274e-06 1.04746e-06
2855 3.35121e-06 3.33441e-06
2857 2.34625e-06 1.64858e-06
2859 1.27453e-06 1.26814e-06
2861 2.54972e-06 2.53694e-06
2863 1.11807e-06 1.11247e-06
2865 2.23664e-06 2.22543e-06
2869 2.21354e-06 1.5502e-06
2871 2.14731e-06 2.13655e-06
2873 4.29553e-06 4.274e-06
2875 5.37889e-06 4.40403e-06
2877 1.39894e-05 1.19525e-05
2879 6.49899e-06 5.45914e-06
2881 5.54505e-06 3.64902e-06
2883 7.7034e-06 3.56395e-06
2885 3.22998e-06 2.38635e-06
2887 7.55725e-06 4.65569e-06
2889 2.15564e-06 2.14483e-06
2891 2.13502e-06 1.49459e-06
2893 2.16832e-06 1.51785e-06
2895 5.43778e-06 4.42472e-06
2899 1.07898e-06 1.07357e-06
2901 1.07921e-06 1.0738e-06
2903 2.20208e-06 1.54182e-06
2905 4.4335e-06 3.50917e-06
2907 3.37572e-06 3.3588e-06
2909 3.32094e-06 1.88936e-06
2911 6.67652e-06 3.48438e-06
2913 3.26395e-06 1.85659e-06
2915 2.13841e-06 1.49695e-06
2919 5.06627e-06 3.14041e-06
2921 4.61145e-06 2.27119e-06
2923 6.18906e-06 3.31682e-06
2925 3.55988e-06 2.03467e-06
2927 2.20793e-06 1.54592e-06
2929 2.16076e-06 2.14993e-06
2931 1.1212e-06 1.11558e-06
2933 2.24291e-06 2.23167e-06
2935 2.24341e-06 2.23216e-06
2937 2.16685e-06 2.15599e-06
2939 3.22173e-06 2.38857e-06
2941 5.3319e-06 3.15867e-06
2945 1.28866e-06 1.2822e-06
2947 1.28899e-06 1.28253e-06
2953 3.86997e-06 3.85057e-06
2955 1.29032e-06 1.28385e-06
2957 2.37644e-06 1.6698e-06
2959 1.08601e-06 1.08057e-06
2961 1.08625e-06 1.08081e-06
2963 2.17297e-06 2.16208e-06
2965 1.08672e-06 1.08127e-06
2967 2.22643e-06 1.55894e-06
2969 2.22692e-06 1.55929e-06
2971 1.13999e-06 1.13428e-06
2973 4.40325e-06 3.42833e-06
2975 5.43317e-06 3.19699e-06
2977 3.2328e-06 1.8384e-06
2979 2.15527e-06 1.50877e-06
2981 3.24221e-06 1.84367e-06
2983 2.17344e-06 2.16255e-06
2985 3.22212e-06 2.37415e-06
2989 1.08956e-06 1.0841e-06
2993 1.09004e-06 1.08458e-06
2995 1.09027e-06 1.0848e-06
2997 1.08838e-06 1.08292e-06
2999 1.08861e-06 1.08315e-06
3001 1.08885e-06 1.08339e-06
3003 2.31759e-06 1.62531e-06
3011 9.14342e-06 6.98689e-06
3013 4.71035e-06 2.78261e-06
3015 1.17459e-05 6.98625e-06
3017 7.10166e-06 4.29886e-06
3019 1.05152e-05 6.72622e-06
3021 9.35742e-06 6.64435e-06
3023 4.37445e-06 4.35252e-06
3025 6.70109e-06 5.56607e-06
3027 2.32622e-06 1.63128e-06
3029 2.26732e-06 2.25595e-06
3031 1.13392e-06 1.12824e-06
3033 1.23305e-06 1.22687e-06
3035 3.60113e-06 2.69107e-06
3039 1.23396e-06 1.22777e-06
3041 1.14916e-06 1.1434e-06
3043 2.37003e-06 1.6605e-06
3045 5.79172e-06 3.75766e-06
3047 3.4219e-06 2.5233e-06
3049 1.09457e-06 1.08908e-06
3051 2.24529e-06 1.5722e-06
3053 1.09721e-06 1.09171e-06
3055 3.60981e-06 2.69763e-06
3057 3.77634e-06 2.76998e-06
3059 1.15154e-06 1.14577e-06
3061 4.70658e-06 2.82397e-06
3063 6.36787e-06 5.30343e-06
3065 2.24295e-06 1.57134e-06
3067 5.72099e-06 3.7673e-06
3069 4.62226e-06 2.26578e-06
3071 6.76491e-06 4.13014e-06
3073 6.58472e-06 6.55171e-06
3075 4.39078e-06 4.36877e-06
3077 4.52488e-06 2.73279e-06
3079 3.37631e-06 1.92091e-06
3081 3.3652e-06 2.46534e-06
3083 3.34616e-06 1.90388e-06
3085 6.67529e-06 3.77249e-06
3087 1.09914e-06 1.09363e-06
3089 5.66214e-06 2.46938e-06
3091 3.39408e-06 1.93099e-06
3093 1.17e-06 1.16414e-06
3095 3.46116e-06 1.9683e-06
3097 5.58452e-06 3.29071e-06
3099 2.24028e-06 1.56919e-06
3101 2.23347e-06 1.56359e-06
3103 4.53428e-06 2.76227e-06
3105 2.24179e-06 1.57025e-06
3107 2.16333e-06 2.15249e-06
3109 3.26561e-06 2.40611e-06
3111 2.18418e-06 1.52899e-06
3113 5.58991e-06 3.31428e-06
3115 4.42946e-06 2.65652e-06
3117 8.74184e-06 7.61842e-06
3119 8.74375e-06 7.62007e-06
3121 2.16661e-06 2.15575e-06
3123 4.46421e-06 3.44094e-06
3125 5.54899e-06 4.46752e-06
3127 5.55022e-06 4.46849e-06
3129 3.38297e-06 2.46229e-06
3131 7.02805e-06 5.27458e-06
3133 4.46922e-06 3.44473e-06
3135 7.16176e-06 6.13122e-06
3137 3.51651e-06 2.63918e-06
3139 1.28047e-05 7.39315e-06
3141 5.84988e-06 3.69326e-06
3143 4.63471e-06 3.50626e-06
3145 4.34452e-06 4.32274e-06
3147 3.6813e-06 2.10343e-06
3149 2.46477e-06 1.73761e-06
3151 3.55223e-06 2.54933e-06
3153 6.01908e-06 4.22836e-06
3155 4.64124e-06 3.51102e-06
3157 2.19743e-06 1.53828e-06
3159 2.44132e-06 1.71606e-06
3161 2.66312e-06 2.64977e-06
3163 5.38155e-06 4.19485e-06
3165 1.33227e-06 1.32559e-06
3173 2.55918e-06 2.54635e-06
3175 1.16986e-06 1.164e-06
3177 2.50454e-06 1.75702e-06
3179 2.66951e-06 2.65613e-06
3181 6.51114e-06 5.42835e-06
3183 2.50643e-06 1.75835e-06
3189 4.6067e-06 3.65192e-06
3191 3.52007e-06 2.53567e-06
3193 4.61273e-06 3.50773e-06
3195 2.42967e-06 1.70961e-06
3197 1.33797e-06 1.33126e-06
3199 2.49427e-06 1.75075e-06
3203 2.49552e-06 1.75163e-06
3205 4.12725e-06 3.06525e-06
3207 5.29181e-06 4.13928e-06
3209 6.01602e-06 3.76104e-06
3211 8.95469e-06 4.52948e-06
3213 4.03226e-06 2.95591e-06
3215 9.08402e-06 6.76742e-06
3217 4.03443e-06 2.95748e-06
3219 2.66136e-06 1.86302e-06
3221 2.73932e-06 1.91791e-06
3223 2.43805e-06 1.71557e-06
3225 3.7023e-06 2.11217e-06
3227 1.2865e-06 1.28005e-06
3229 2.68544e-06 1.88147e-06
3231 1.39899e-06 1.39198e-06
3233 2.79877e-06 2.78474e-06
3235 3.66634e-06 2.65774e-06
3237 2.56121e-06 1.8008e-06
3239 3.84342e-06 2.19737e-06
3241 1.40095e-06 1.39393e-06
3243 1.40135e-06 1.39433e-06
3245 1.40174e-06 1.39471e-06
3253 6.58106e-06 3.49451e-06
3255 3.98091e-06 2.90963e-06
3261 2.18293e-06 2.17199e-06
3263 2.49698e-06 1.76189e-06
3267 1.40607e-06 1.39902e-06
3271 1.09266e-06 1.08718e-06
3273 2.18579e-06 2.17483e-06
3279 1.40845e-06 1.40139e-06
3281 2.8177e-06 2.80358e-06
3283 1.40924e-06 1.40218e-06
3285 2.81928e-06 2.80515e-06
3287 4.22497e-06 3.12219e-06
3289 1.41044e-06 1.40337e-06
3295 1.41163e-06 1.40455e-06
3297 1.41203e-06 1.40495e-06
3299 1.41243e-06 1.40535e-06
3301 1.41283e-06 1.40575e-06
3303 1.41323e-06 1.40615e-06
3305 1.41363e-06 1.40654e-06
3313 2.83046e-06 2.81627e-06
3315 1.41563e-06 1.40853e-06
3319 1.41643e-06 1.40933e-06
3321 1.41683e-06 1.40973e-06
3323 1.41723e-06 1.41013e-06
3325 2.83527e-06 2.82106e-06
3327 5.38533e-06 4.36888e-06
3329 1.41844e-06 1.41133e-06
3331 5.65972e-06 4.43597e-06
3333 1.41924e-06 1.41213e-06
3335 1.41443e-06 1.40734e-06
3345 2.84333e-06 2.82908e-06
3347 1.42207e-06 1.41494e-06
3349 3.71061e-06 2.12241e-06
3351 2.61449e-06 1.83743e-06
3353 6.45126e-06 3.4672e-06
3355 5.45275e-06 3.34645e-06
3357 5.96534e-06 3.51152e-06
3359 2.81589e-06 1.97119e-06
3361 2.84981e-06 2.83553e-06
3363 5.35526e-06 2.6366e-06
3365 1.39782e-06 1.39081e-06
3367 1.19389e-06 1.18791e-06
3371 1.39899e-06 1.39198e-06
3373 3.80928e-06 2.17486e-06
3375 1.21359e-06 1.20751e-06
3377 1.21389e-06 1.20781e-06
3379 3.51549e-06 2.00067e-06
3381 3.81941e-06 2.18234e-06
3383 5.24449e-06 2.58148e-06
3385 1.28334e-05 6.8633e-06
3387 8.40842e-06 5.22414e-06
3389 9.77992e-06 6.02671e-06
3391 6.86003e-06 4.04273e-06
3393 6.20816e-06 3.72319e-06
3395 4.83033e-06 2.37135e-06
3397 5.15584e-06 2.53328e-06
3399 5.18356e-06 4.10346e-06
3401 2.47402e-06 2.46162e-06
3403 4.77092e-06 2.82e-06
3405 2.5787e-06 1.81257e-06
3407 1.40607e-06 1.39902e-06
3409 1.40647e-06 1.39942e-06
3411 1.40687e-06 1.39982e-06
3413 2.63609e-06 2.62288e-06
3415 3.62999e-06 2.63626e-06
3417 5.2202e-06 3.16958e-06
3419 1.44165e-05 7.13406e-06
3421 5.37722e-06 3.30591e-06
3423 6.55638e-06 4.3178e-06
3425 3.82833e-06 2.86983e-06
3427 1.02626e-05 4.29285e-06
3429 6.59077e-06 3.87487e-06
3431 2.00963e-05 9.92635e-06
3433 1.50058e-05 6.75827e-06
3435 8.0505e-06 4.59331e-06
3437 6.51894e-06 3.37224e-06
3439 1.06455e-05 5.29704e-06
3441 8.25836e-06 3.85497e-06
3443 6.76073e-06 2.94904e-06
3445 1.0868e-05 4.91106e-06
3447 6.65451e-06 4.35225e-06
3449 2.72078e-06 1.90523e-06
3451 2.84026e-06 1.98845e-06
3453 8.37879e-06 5.19951e-06
3455 8.57226e-06 6.36022e-06
3457 6.81988e-06 4.40392e-06
3459 3.97044e-06 2.26026e-06
3461 1.32644e-06 1.31979e-06
3465 1.32714e-06 1.32049e-06
3469 2.49501e-06 2.4825e-06
3471 2.89519e-06 2.88068e-06
3475 2.75596e-06 2.74215e-06
3477 4.00547e-06 2.99974e-06
3479 2.75748e-06 2.74366e-06
3481 1.24938e-06 1.24312e-06
3483 1.24969e-06 1.24343e-06
3489 2.90276e-06 2.88821e-06
3493 1.45222e-06 1.44494e-06
3495 7.16013e-06 4.24459e-06
3497 1.45307e-06 1.44579e-06
3499 1.40825e-06 1.40119e-06
3501 2.8173e-06 2.80318e-06
3503 1.40905e-06 1.40199e-06
3505 3.82466e-06 2.76429e-06
3507 5.65168e-06 3.41032e-06
3509 6.45321e-06 4.54803e-06
3513 1.42735e-06 1.4202e-06
3517 1.42816e-06 1.421e-06
3521 5.64254e-06 5.61426e-06
3523 1.41103e-06 1.40396e-06
3525 1.41143e-06 1.40436e-06
3527 5.44803e-06 4.41047e-06
3529 1.43062e-06 1.42345e-06
3531 4.27468e-06 3.16293e-06
3533 7.10396e-06 4.20479e-06
3535 2.84727e-06 1.99312e-06
3537 2.84808e-06 1.99369e-06
3539 2.83246e-06 2.81826e-06
3541 1.41663e-06 1.40953e-06
3545 2.83487e-06 2.82066e-06
3549 1.46413e-06 1.45679e-06
3557 1.27943e-06 1.27302e-06
3569 3.96538e-06 2.88035e-06
3571 1.26358e-06 1.25725e-06
3581 2.68605e-06 1.88537e-06
3583 4.12853e-06 3.11356e-06
3585 2.6074e-06 1.83566e-06
3587 2.44986e-06 1.71696e-06
3589 1.16577e-06 1.15993e-06
3591 2.60946e-06 1.83712e-06
3593 3.59458e-06 2.04435e-06
3595 1.20948e-06 1.20342e-06
3597 8.75021e-06 5.74519e-06
3601 3.74075e-06 2.80089e-06
3603 3.67523e-06 2.09153e-06
3605 2.4318e-06 1.70227e-06
3607 4.95111e-06 3.85147e-06
3609 6.27592e-06 3.22892e-06
3611 5.12384e-06 3.08662e-06
3613 1.28866e-06 1.2822e-06
3621 6.09504e-06 5.02517e-06
3623 2.46305e-06 2.4507e-06
3627 3.71614e-06 2.77687e-06
3629 2.34247e-06 2.33073e-06
3631 4.99122e-06 3.96403e-06
3633 2.54712e-06 2.53435e-06
3635 1.27389e-06 1.2675e-06
3637 2.71037e-06 1.90071e-06
3639 2.54907e-06 2.53629e-06
3641 6.21683e-06 3.22483e-06
3643 2.57608e-06 1.80335e-06
3645 4.95811e-06 3.77014e-06
3647 3.9899e-06 2.90178e-06
3649 2.61262e-06 1.83838e-06
3651 1.23579e-06 1.2296e-06
3653 2.96061e-06 2.07323e-06
3655 4.40138e-06 3.22717e-06
3657 4.03625e-06 2.30546e-06
3659 3.64938e-06 2.7146e-06
3661 9.51685e-06 4.87229e-06
3663 4.96041e-06 3.47703e-06
3665 2.72073e-06 1.908e-06
3667 3.63204e-06 2.6534e-06
3669 5.01503e-06 3.98317e-06
3671 4.00272e-06 2.91097e-06
3673 2.72371e-06 1.9101e-06
3675 6.75525e-06 4.01859e-06
3677 2.56148e-06 2.54864e-06
3679 2.52115e-06 1.76504e-06
3681 1.24039e-06 1.23417e-06
3693 1.30941e-06 1.30285e-06
3695 1.30976e-06 1.30319e-06
3703 2.55321e-06 1.78791e-06
3705 4.03968e-06 2.30617e-06
3707 1.2427e-06 1.23647e-06
3709 1.24301e-06 1.23678e-06
3711 2.55583e-06 1.78975e-06
3713 5.24466e-06 3.99198e-06
3715 2.80123e-06 1.96743e-06
3717 2.80202e-06 1.96799e-06
3719 1.31389e-06 1.3073e-06
3721 1.31423e-06 1.30764e-06
3723 6.44164e-06 6.40935e-06
3725 4.09385e-06 2.96224e-06
3727 5.15597e-06 5.13013e-06
3729 9.41926e-06 5.87724e-06
3731 6.83322e-06 4.07442e-06
3733 1.28999e-06 1.28352e-06
3735 1.29032e-06 1.28385e-06
3737 1.5193e-06 1.51168e-06
3739 4.28717e-06 3.25753e-06
3741 1.24797e-06 1.24171e-06
3743 1.24828e-06 1.24202e-06
3745 3.7744e-06 2.14664e-06
3747 7.58758e-06 4.70009e-06
3749 2.76477e-06 1.94539e-06
3753 1.30621e-05 6.93087e-06
3755 6.60457e-06 3.41884e-06
3757 3.78841e-06 2.15452e-06
3759 6.5144e-06 3.35463e-06
3761 3.79858e-06 2.16025e-06
3763 1.25141e-06 1.24514e-06
3765 4.98724e-06 3.90796e-06
3767 5.26271e-06 4.0017e-06
3769 5.36454e-06 3.21149e-06
3771 1.24611e-06 1.23986e-06
3773 1.24642e-06 1.24017e-06
3775 1.24673e-06 1.24048e-06
3777 1.24704e-06 1.24079e-06
3779 4.10073e-06 2.34085e-06
3781 6.72457e-06 3.48538e-06
3783 1.52999e-06 1.52232e-06
3785 5.28189e-06 3.14179e-06
3787 8.0119e-06 4.54471e-06
3789 1.25549e-06 1.2492e-06
3791 3.92587e-06 2.89177e-06
3793 2.62684e-06 1.83889e-06
3795 1.30039e-06 1.29387e-06
3797 2.65498e-06 2.64167e-06
3799 3.98353e-06 3.96356e-06
3807 1.32926e-06 1.3226e-06
3809 2.65922e-06 2.64589e-06
3811 5.31986e-06 5.29319e-06
3813 6.5823e-06 5.42889e-06
3815 9.1916e-06 5.9897e-06
3817 2.66205e-06 2.64871e-06
3819 7.65795e-06 5.32004e-06
3821 5.20472e-06 3.17054e-06
3823 5.32836e-06 5.30165e-06
3827 7.28667e-06 5.28477e-06
3829 5.5403e-06 4.25006e-06
3831 5.54184e-06 4.25121e-06
3833 2.66773e-06 2.65436e-06
3835 5.33689e-06 5.31014e-06
3837 2.66916e-06 2.65578e-06
3839 2.57202e-06 2.55913e-06
3841 1.33529e-06 1.3286e-06
3849 1.28353e-06 1.2771e-06
3851 2.56772e-06 2.55485e-06
3853 2.56838e-06 2.55551e-06
3855 1.28452e-06 1.27808e-06
3857 1.28485e-06 1.27841e-06
3865 1.28617e-06 1.27972e-06
3867 1.2865e-06 1.28005e-06
3869 1.28684e-06 1.28039e-06
3871 2.57433e-06 2.56143e-06
3873 1.34102e-06 1.3343e-06
3875 4.15313e-06 3.08752e-06
3877 1.40627e-06 1.39922e-06
3881 4.15659e-06 3.09011e-06
3885 3.62231e-06 3.60415e-06
3887 4.45299e-06 3.3579e-06
3889 2.41604e-06 2.40393e-06
3891 7.43109e-06 6.2953e-06
3893 4.32097e-06 3.31071e-06
3895 8.43277e-06 5.36213e-06
3897 4.24785e-06 3.07963e-06
3899 2.69143e-06 2.67794e-06
3901 4.03227e-06 2.9801e-06
3903 2.90504e-06 2.03905e-06
3905 6.80985e-06 4.44486e-06
3907 1.34716e-06 1.34041e-06
3909 4.25511e-06 3.08481e-06
3911 3.98961e-06 2.96345e-06
3913 4.17048e-06 2.38145e-06
3915 6.95599e-06 5.57268e-06
3917 1.56201e-06 1.55418e-06
3919 5.55636e-06 3.33063e-06
3921 2.64521e-06 1.85204e-06
3925 2.9798e-06 2.08849e-06
3927 1.41623e-06 1.40913e-06
3929 2.5937e-06 2.5807e-06
3931 1.41703e-06 1.40993e-06
3933 1.41743e-06 1.41033e-06
3935 2.77011e-06 1.93963e-06
3937 1.2982e-06 1.29169e-06
3939 1.41864e-06 1.41153e-06
3941 4.01442e-06 2.28485e-06
3943 4.11674e-06 2.34793e-06
3945 1.23047e-06 1.2243e-06
3947 1.23077e-06 1.2246e-06
3949 3.76236e-06 2.75883e-06
3951 4.99469e-06 3.8844e-06
3959 1.30191e-06 1.29538e-06
3961 1.30225e-06 1.29572e-06
3963 1.30259e-06 1.29606e-06
3965 3.83522e-06 2.82188e-06
3967 1.26646e-06 1.26011e-06
3969 2.57039e-06 1.79946e-06
3971 1.30395e-06 1.29741e-06
3973 2.57172e-06 1.80039e-06
3975 1.30463e-06 1.29809e-06
3977 1.30497e-06 1.29843e-06
3979 4.32649e-06 3.28232e-06
3981 3.05904e-06 3.04371e-06
3983 1.52999e-06 1.52232e-06
3989 1.24533e-06 1.23909e-06
3991 1.24564e-06 1.2394e-06
3993 3.73785e-06 3.71911e-06
3995 5.35252e-06 3.75576e-06
3997 6.46712e-06 4.58323e-06
3999 7.81452e-06 5.47524e-06
4001 1.43123e-06 1.42406e-06
4003 2.72963e-06 2.71595e-06
4005 4.08332e-06 3.01417e-06
4007 1.24813e-06 1.24187e-06
4009 4.29861e-06 4.27706e-06
4015 1.36705e-06 1.3602e-06
4017 1.36743e-06 1.36058e-06
4019 8.78591e-06 5.48383e-06
4021 2.87068e-06 2.85629e-06
4023 2.8715e-06 2.85711e-06
4033 1.54178e-06 1.53405e-06
4037 2.75391e-06 1.92971e-06
4039 4.19373e-06 3.13664e-06
4041 5.23497e-06 4.10077e-06
4043 4.42393e-06 3.23756e-06
4045 6.98474e-06 3.57409e-06
4047 5.36774e-06 3.75808e-06
4049 5.36918e-06 3.75909e-06
4051 8.13755e-06 3.7641e-06
4053 6.50909e-06 3.36957e-06
4055 7.85061e-06 4.07029e-06
4057 3.88378e-06 2.20893e-06
4059 6.53874e-06 2.85141e-06
4061 5.3278e-06 4.1545e-06
4063 1.18e-05 7.21697e-06
4065 1.04653e-05 6.02226e-06
4067 5.37975e-06 3.27198e-06
4069 7.96295e-06 6.68577e-06
4071 5.29569e-06 3.1957e-06
4073 2.59899e-06 1.81938e-06
4075 5.37584e-06 3.27178e-06
4077 1.068e-05 7.67333e-06
4079 1.37287e-06 1.36599e-06
4081 5.31284e-06 4.13811e-06
4083 2.66246e-06 1.86469e-06
4085 2.60305e-06 1.82222e-06
4087 2.52711e-06 1.76936e-06
4089 4.00392e-06 2.93975e-06
4091 1.20051e-05 7.47491e-06
4093 7.67436e-06 4.29512e-06
4095 2.75806e-06 1.93065e-06
4097 2.52461e-06 2.51196e-06
4099 1.26263e-06 1.2563e-06
4101 1.29182e-06 1.28534e-06
4103 1.29216e-06 1.28568e-06
4105 1.26358e-06 1.25725e-06
4107 2.55672e-06 1.78982e-06
4109 5.20814e-06 3.16635e-06
4111 2.67872e-06 1.87623e-06
4113 4.05876e-06 2.30905e-06
4115 5.27768e-06 3.17487e-06
4117 3.89125e-06 2.87182e-06
4119 6.49745e-06 4.64273e-06
4121 6.48869e-06 3.83965e-06
4123 2.60654e-06 2.59347e-06
4125 4.00915e-06 2.93296e-06
4127 7.08676e-06 3.7504e-06
4129 2.78508e-06 1.94961e-06
4131 1.30463e-06 1.29809e-06
4133 1.30497e-06 1.29843e-06
4135 3.90681e-06 2.8884e-06
4137 1.38389e-06 1.37695e-06
4139 1.38427e-06 1.37733e-06
4141 2.77567e-06 1.94297e-06
4143 2.79688e-06 1.95784e-06
4149 1.3077e-06 1.30115e-06
4151 1.29887e-06 1.29236e-06
4153 2.869e-06 2.01078e-06
4155 5.42393e-06 3.24284e-06
4157 3.90371e-06 3.88414e-06
4159 1.30022e-06 1.2937e-06
4163 1.36575e-06 1.3589e-06
4165 1.50784e-06 1.50028e-06
4171 1.50921e-06 1.50164e-06
4173 1.50966e-06 1.50209e-06
4179 1.41263e-06 1.40555e-06
4181 1.41303e-06 1.40595e-06
4183 2.92537e-06 2.04894e-06
4185 3.0248e-06 3.00964e-06
4187 1.51286e-06 1.50528e-06
4191 2.80151e-06 2.78747e-06
4193 1.40115e-06 1.39413e-06
4197 1.40193e-06 1.3949e-06
4199 7.01164e-06 6.97649e-06
4201 2.71008e-06 1.89825e-06
4203 2.72513e-06 1.90917e-06
4205 7.06421e-06 3.67751e-06
4207 8.47013e-06 4.38481e-06
4209 5.55401e-06 3.29533e-06
4211 1.11745e-05 5.14528e-06
4213 5.65278e-06 2.77326e-06
4215 5.55867e-06 3.29805e-06
4217 2.73035e-06 1.91283e-06
4219 2.7311e-06 1.91336e-06
4221 4.25253e-06 2.42265e-06
4223 4.13453e-06 2.35241e-06
4225 1.13238e-05 6.55398e-06
4227 3.93546e-06 3.91573e-06
4229 5.47105e-06 3.35318e-06
4231 8.52784e-06 5.97642e-06
4233 3.04371e-06 2.13513e-06
4235 1.52393e-06 1.51629e-06
4237 3.14566e-06 2.20303e-06
4239 9.14592e-06 6.40519e-06
4241 4.57275e-06 2.60391e-06
4243 7.61124e-06 4.99976e-06
4245 7.4161e-06 4.94372e-06
4247 2.93855e-06 2.05859e-06
4249 2.93941e-06 2.05919e-06
4251 5.9476e-06 2.92009e-06
4253 4.53635e-06 2.58526e-06
4255 1.2639e-06 1.25756e-06
4257 1.26422e-06 1.25788e-06
4259 2.58189e-06 1.80771e-06
4261 8.526e-06 6.13602e-06
4265 1.10617e-05 9.79446e-06
4267 7.18515e-06 3.14498e-06
4269 1.23064e-05 7.35382e-06
4271 1.14825e-05 5.61089e-06
4273 6.15178e-06 3.80151e-06
4275 7.19801e-06 3.6885e-06
4277 7.43389e-06 4.40481e-06
4279 1.20217e-05 7.22791e-06
4281 1.21952e-05 7.26031e-06
4283 1.57363e-05 1.17857e-05
4285 8.02782e-06 6.65581e-06
4287 1.14416e-05 1.13842e-05
4289 1.63506e-06 1.62686e-06
4291 4.37918e-06 2.50036e-06
4293 9.07378e-06 5.75305e-06
4295 6.01841e-06 3.75832e-06
4297 7.44211e-06 4.47298e-06
4299 5.90455e-06 4.53203e-06
4301 6.0239e-06 3.76187e-06
4303 4.06449e-06 2.97628e-06
4305 6.11701e-06 3.79522e-06
4307 8.16113e-06 4.58159e-06
4309 5.71689e-06 3.38035e-06
4311 6.12265e-06 3.79882e-06
4313 4.3934e-06 2.50855e-06
4315 6.05585e-06 3.77663e-06
4317 2.9892e-06 2.10288e-06
4319 2.65111e-06 2.63782e-06
4321 1.42674e-06 1.41959e-06
4323 1.41844e-06 1.41133e-06
4325 1.41884e-06 1.41173e-06
4327 2.7485e-06 1.925e-06
4329 5.44457e-06 3.27991e-06
4331 1.32767e-06 1.32101e-06
4333 2.74847e-06 1.92504e-06
4335 8.12729e-06 4.98162e-06
4337 1.42126e-06 1.41414e-06
4339 2.75447e-06 1.92915e-06
4341 4.42552e-06 3.2935e-06
4343 2.75599e-06 1.93022e-06
4345 2.75675e-06 1.93075e-06
4347 2.66845e-06 2.65507e-06
4353 7.5605e-06 6.30796e-06
4355 4.2594e-06 3.09137e-06
4357 2.90671e-06 2.03955e-06
4359 7.9786e-06 5.93884e-06
4361 1.28107e-06 1.27465e-06
4363 6.68834e-06 5.46197e-06
4365 2.66738e-06 2.65401e-06
4371 1.35648e-06 1.34968e-06
4373 1.35685e-06 1.35005e-06
4375 2.73187e-06 2.71818e-06
4387 7.80544e-06 5.6988e-06
4389 2.52461e-06 2.51196e-06
4391 6.49164e-06 5.21182e-06
4393 6.61027e-06 4.2309e-06
4395 2.70522e-06 1.89787e-06
4397 4.0866e-06 2.32729e-06
4399 3.10779e-06 2.18112e-06
4401 3.33111e-06 3.31441e-06
4403 2.78645e-06 1.95182e-06
4405 6.94017e-06 4.65722e-06
4407 5.21745e-06 3.6539e-06
4409 1.36061e-05 6.49702e-06
4411 8.40288e-06 5.99294e-06
4413 5.52754e-06 3.39019e-06
4415 2.74871e-06 1.92415e-06
4417 7.26753e-06 3.7766e-06
4423 1.67898e-06 1.67056e-06
4425 3.12088e-06 2.1911e-06
4427 4.21452e-06 3.09666e-06
4431 7.76412e-06 4.14401e-06
4433 3.03005e-06 2.13411e-06
4435 5.43378e-06 4.24264e-06
4437 1.38951e-05 9.88708e-06
4439 5.39738e-06 5.37033e-06
4441 4.37615e-06 3.1475e-06
4443 2.71993e-06 1.904e-06
4445 3.02829e-06 2.13241e-06
4447 5.04996e-06 3.73221e-06
4449 4.81166e-06 2.74283e-06
4451 4.14983e-06 3.03768e-06
4453 2.88212e-06 2.02142e-06
4457 1.53116e-06 1.52348e-06
4459 1.6818e-06 1.67337e-06
4461 4.7181e-06 3.59589e-06
4463 5.04881e-06 5.0235e-06
4465 7.83797e-06 5.71518e-06
4467 1.39412e-06 1.38713e-06
4469 4.02334e-06 2.91756e-06
4475 6.87792e-06 3.00142e-06
4477 5.58337e-06 3.34219e-06
4479 2.83181e-06 1.98404e-06
4483 4.28107e-06 2.43815e-06
4485 5.56008e-06 2.73038e-06
4487 1.27812e-06 1.27171e-06
4489 4.0245e-06 2.28982e-06
4491 2.53949e-06 1.77769e-06
4493 2.64934e-06 1.85672e-06
4495 2.77739e-06 2.76347e-06
4499 2.52398e-06 2.51133e-06
4501 1.54154e-06 1.53381e-06
4503 4.42355e-06 2.51732e-06
4505 6.10831e-06 4.8201e-06
4507 7.0144e-06 4.16891e-06
4509 4.63034e-06 4.60713e-06
4511 1.27644e-05 6.98424e-06
4513 5.77429e-06 3.58057e-06
4515 8.66251e-06 4.52993e-06
4517 4.2323e-06 2.41374e-06
4519 2.68767e-06 1.88331e-06
4521 1.2837e-06 1.27727e-06
4523 1.28403e-06 1.27759e-06
4525 1.54727e-06 1.53951e-06
4527 3.03341e-06 2.12384e-06
4529 1.54823e-06 1.54047e-06
4533 4.22119e-06 4.20003e-06
4535 5.62984e-06 5.60162e-06
4537 2.77546e-06 2.76155e-06
4539 3.20065e-06 2.24605e-06
4541 4.69044e-06 3.4029e-06
4543 8.85507e-06 7.52625e-06
4545 9.3706e-06 6.59118e-06
4547 4.61461e-06 2.63348e-06
4549 3.12551e-06 2.19846e-06
4551 1.49098e-06 1.48351e-06
4553 3.20786e-06 2.25113e-06
4557 1.41183e-06 1.40475e-06
4559 1.39198e-06 1.385e-06
4561 2.78474e-06 2.77078e-06
4563 1.71174e-06 1.70316e-06
4567 4.1806e-06 4.15964e-06
4569 3.2113e-06 3.1952e-06
4571 4.59705e-06 3.3636e-06
4573 2.99177e-06 2.97677e-06
4575 2.99267e-06 2.97767e-06
4577 1.5569e-06 1.5491e-06
4581 6.86813e-06 6.8337e-06
4583 1.71762e-06 1.70901e-06
4585 1.39704e-06 1.39004e-06
4591 1.39821e-06 1.3912e-06
4593 2.83809e-06 2.82386e-06
4597 3.17467e-06 2.22256e-06
4599 3.03367e-06 2.12796e-06
4601 1.61394e-06 1.60585e-06
4603 1.61447e-06 1.60638e-06
4605 1.61499e-06 1.60689e-06
4607 4.74393e-06 3.48882e-06
4609 1.5647e-06 1.55686e-06
4613 1.61708e-06 1.60897e-06
4615 1.6176e-06 1.60949e-06
4617 1.61812e-06 1.61001e-06
4619 4.85594e-06 4.8316e-06
4645 1.42959e-06 1.42242e-06
4653 1.30582e-06 1.29927e-06
4665 6.22858e-06 4.92615e-06
4667 7.18232e-06 4.21242e-06
4669 1.49388e-06 1.48639e-06
4671 1.49432e-06 1.48683e-06
4673 4.74158e-06 4.71781e-06
4675 4.65728e-06 3.46661e-06
4677 1.30993e-06 1.30336e-06
4679 1.31027e-06 1.3037e-06
4681 2.80718e-06 1.96942e-06
4683 2.7115e-06 2.69791e-06
4685 2.71223e-06 2.69863e-06
4689 2.9967e-06 2.98168e-06
4691 4.66887e-06 3.47531e-06
4693 6.34216e-06 6.31037e-06
4695 1.58604e-06 1.57809e-06
4703 1.33976e-06 1.33304e-06
4705 1.34012e-06 1.3334e-06
4707 2.74045e-06 1.91878e-06
4709 2.65628e-06 1.85948e-06
4711 2.63158e-06 2.61839e-06
4713 7.98183e-06 6.68068e-06
4715 6.83759e-06 4.91364e-06
4717 9.77096e-06 7.21119e-06
4719 7.05682e-06 4.19225e-06
4721 5.69603e-06 3.98768e-06
4723 2.84882e-06 1.9944e-06
4725 9.86977e-06 6.16874e-06
4727 4.16902e-06 2.3724e-06
4729 6.97874e-06 5.03136e-06
4731 1.44739e-06 1.44013e-06
4733 1.31961e-06 1.313e-06
4735 1.31996e-06 1.31334e-06
4741 4.24535e-06 2.41803e-06
4743 2.64271e-06 2.62946e-06
4749 6.82662e-06 4.40019e-06
4751 5.81432e-06 3.57214e-06
4757 8.50204e-06 5.28935e-06
4759 4.2307e-06 3.16582e-06
4761 5.59947e-06 3.39316e-06
4763 4.10649e-06 2.33585e-06
4765 2.78242e-06 1.9479e-06
4767 4.10876e-06 2.33714e-06
4769 5.58821e-06 3.32225e-06
4771 8.41503e-06 5.15867e-06
4773 6.91796e-06 4.43656e-06
4775 7.23059e-06 5.24083e-06
4777 4.57806e-06 4.55511e-06
4779 5.70831e-06 4.0057e-06
4781 7.43582e-06 6.20612e-06
4783 9.1645e-06 9.11856e-06
4785 5.84032e-06 3.58909e-06
4787 5.68881e-06 2.79112e-06
4789 4.40171e-06 2.50422e-06
4791 5.89183e-06 4.12736e-06
4795 1.41743e-06 1.41033e-06
4797 3.06138e-06 3.04603e-06
4799 4.1212e-06 3.00777e-06
4801 2.79077e-06 1.95562e-06
4803 2.99174e-06 2.09484e-06
4805 2.92313e-06 2.04619e-06
4807 1.46049e-06 1.45317e-06
4809 4.38276e-06 4.36079e-06
4811 4.38404e-06 4.36206e-06
4813 2.92355e-06 2.9089e-06
4817 5.75969e-06 3.43392e-06
4819 4.45294e-06 3.3384e-06
4821 1.53633e-06 1.52863e-06
4823 1.38198e-06 1.37505e-06
4827 2.85423e-06 2.00408e-06
4829 4.49812e-06 3.35907e-06
4831 4.20488e-06 2.39343e-06
4833 1.33726e-06 1.33056e-06
4835 5.42403e-06 3.30101e-06
4837 7.08781e-06 5.03592e-06
4839 9.64423e-06 5.19379e-06
4841 6.9893e-06 4.09052e-06
4851 1.34048e-06 1.33376e-06
4853 1.34084e-06 1.33412e-06
4855 1.42694e-06 1.41979e-06
4857 1.47427e-06 1.46688e-06
4859 1.35612e-06 1.34932e-06
4861 2.71297e-06 2.69937e-06
4869 1.35796e-06 1.35115e-06
4871 1.35833e-06 1.35152e-06
4873 2.6832e-06 1.8784e-06
4875 1.35906e-06 1.35225e-06
4899 2.80946e-06 1.96953e-06
4901 2.96472e-06 2.07531e-06
4903 2.9656e-06 2.07592e-06
4905 2.96648e-06 2.07654e-06
4907 1.48214e-06 1.47471e-06
4909 4.44774e-06 4.42545e-06
4911 2.96604e-06 2.95117e-06
4913 4.29848e-06 3.22349e-06
4915 7.26751e-06 6.03963e-06
4917 5.93736e-06 5.9076e-06
4919 1.33262e-06 1.32594e-06
4921 1.33298e-06 1.3263e-06
4923 4.15233e-06 3.02422e-06
4925 5.792e-06 4.61734e-06
4927 1.48655e-06 1.4791e-06
4935 5.95327e-06 5.92343e-06
4937 5.95504e-06 5.92519e-06
4939 1.4892e-06 1.48174e-06
4941 4.46894e-06 4.44654e-06
4943 1.49009e-06 1.48262e-06
4945 1.8315e-06 1.82232e-06
4947 2.87602e-06 2.01461e-06
4949 4.60369e-06 3.29013e-06
4955 1.83486e-06 1.82566e-06
4957 1.83554e-06 1.82634e-06
4959 3.32986e-06 2.34345e-06
4961 1.4941e-06 1.48661e-06
4965 3.67647e-06 3.65804e-06
4969 1.49589e-06 1.48839e-06
4971 1.19707e-05 1.19107e-05
4973 5.98713e-06 5.95712e-06
4975 1.49723e-06 1.48973e-06
4977 1.06147e-05 6.77447e-06
4979 5.77867e-06 4.04789e-06
4981 4.34599e-06 2.47241e-06
4983 4.69256e-06 2.69066e-06
4985 6.08642e-06 3.59309e-06
4987 3.34563e-06 2.35467e-06
4989 3.30389e-06 2.32901e-06
4991 7.54489e-06 3.31253e-06
4993 4.74295e-06 2.71773e-06
4995 3.69686e-06 3.67833e-06
4997 7.31749e-06 4.35352e-06
4999 8.99734e-06 4.95148e-06
5001 5.86171e-06 3.57387e-06
5003 4.42452e-06 3.25531e-06
5005 4.42583e-06 3.25626e-06
5007 4.51331e-06 4.49069e-06
5021 1.85736e-06 1.84805e-06
5023 3.36612e-06 2.36924e-06
5025 1.85874e-06 1.84942e-06
5027 1.85943e-06 1.85011e-06
5031 3.72162e-06 3.70297e-06
5033 1.23314e-05 9.47002e-06
5035 7.99277e-06 5.09729e-06
5037 8.53165e-06 5.90454e-06
5039 1.71552e-05 1.16458e-05
5041 5.31864e-06 4.01841e-06
5043 1.14114e-05 6.49408e-06
5045 7.28719e-06 5.68705e-06
5047 9.66635e-06 6.8526e-06
5049 6.95731e-06 5.72087e-06
5051 1.86776e-06 1.8584e-06
5053 1.86846e-06 1.85909e-06
5055 1.86916e-06 1.85979e-06
5059 1.59464e-06 1.58665e-06
5061 1.59515e-06 1.58715e-06
5063 4.36202e-06 2.48665e-06
5065 5.91047e-06 4.15089e-06
5067 8.83882e-06 4.59315e-06
5069 4.28725e-06 2.44054e-06
5071 5.996e-06 3.64327e-06
5073 3.03905e-06 3.02382e-06
5075 2.99576e-06 2.10188e-06
5077 2.77979e-06 1.94588e-06
5079 1.39782e-06 1.39081e-06
5081 4.19463e-06 4.1736e-06
5089 2.77634e-06 1.94375e-06
5091 5.61373e-06 4.39617e-06
5093 2.78599e-06 1.95022e-06
5095 5.60175e-06 3.3848e-06
5097 9.94211e-06 5.3845e-06
5099 5.63313e-06 3.94323e-06
5101 7.2532e-06 4.69499e-06
5103 1.02952e-05 5.16953e-06
5105 1.29931e-05 7.26368e-06
5107 1.68922e-05 1.24612e-05
5109 5.64107e-06 3.94879e-06
5111 4.18188e-06 3.08426e-06
5113 5.60275e-06 4.40109e-06
5115 8.42726e-06 5.90011e-06
5117 1.39005e-06 1.38308e-06
5119 4.17838e-06 2.37619e-06
5121 1.41924e-06 1.41213e-06
5123 4.37215e-06 2.49327e-06
5125 4.35208e-06 3.1493e-06
5127 5.50382e-06 4.30603e-06
5131 4.47412e-06 3.34413e-06
5133 1.40845e-06 1.40139e-06
5135 1.40885e-06 1.40179e-06
5141 2.7894e-06 2.77542e-06
5143 2.81878e-06 1.97325e-06
5145 5.66777e-06 4.45854e-06
5147 8.85529e-06 5.52604e-06
5149 4.38709e-06 3.20814e-06
5151 4.50081e-06 3.35971e-06
5153 2.96394e-06 2.07628e-06
5157 1.53917e-06 1.53145e-06
5159 4.69977e-06 3.44777e-06
5161 3.08024e-06 3.0648e-06
5163 3.08119e-06 3.06575e-06
5165 1.39938e-06 1.39237e-06
5171 4.50102e-06 3.36448e-06
5173 1.54297e-06 1.53524e-06
5175 1.54345e-06 1.53571e-06
5177 7.33955e-06 5.20318e-06
5179 4.49093e-06 3.36229e-06
5181 2.9474e-06 2.06563e-06
5183 1.40292e-06 1.39589e-06
5185 4.85273e-06 2.78742e-06
5187 6.9447e-06 4.89086e-06
5189 1.92678e-06 1.91712e-06
5191 6.64228e-06 4.27841e-06
5193 5.23967e-06 4.06342e-06
5195 3.47724e-06 2.44891e-06
5197 9.01404e-06 5.99604e-06
5199 1.9305e-06 1.92082e-06
5201 1.93125e-06 1.92157e-06
5205 1.554e-06 1.54621e-06
5207 3.4846e-06 2.45416e-06
5209 4.56318e-06 3.35692e-06
5211 6.33406e-06 3.78691e-06
5213 7.19416e-06 5.92703e-06
5215 1.65715e-05 9.38771e-06
5217 4.83257e-06 2.77813e-06
5219 6.34224e-06 3.79177e-06
5221 3.32724e-06 2.36134e-06
5223 2.85307e-06 2.83877e-06
5225 7.76096e-06 7.72206e-06
5227 1.50989e-06 1.50232e-06
5229 6.09086e-06 4.75314e-06
5233 3.37183e-06 2.38817e-06
5235 3.50529e-06 2.46858e-06
5237 5.06831e-06 3.64441e-06
5239 3.50779e-06 2.47036e-06
5241 1.39237e-06 1.38539e-06
5243 1.39276e-06 1.38578e-06
5245 1.39315e-06 1.38617e-06
5247 2.95774e-06 2.07393e-06
5249 1.5647e-06 1.55686e-06
5251 1.56519e-06 1.55734e-06
5253 3.21123e-06 2.24857e-06
5255 3.51777e-06 2.47748e-06
5257 3.13332e-06 3.11761e-06
5259 3.1343e-06 3.11859e-06
5261 4.6035e-06 3.43129e-06
5263 1.46864e-06 1.46128e-06
5265 1.46908e-06 1.46172e-06
5269 1.95695e-06 1.94714e-06
5271 6.66803e-06 5.05718e-06
5273 6.1104e-06 4.87686e-06
5275 2.97008e-06 2.08261e-06
5279 1.57208e-06 1.5642e-06
5281 1.40017e-06 1.39315e-06
5283 2.87353e-06 2.01212e-06
5285 4.20286e-06 4.18179e-06
5287 2.87519e-06 2.01329e-06
5289 7.81695e-06 3.97001e-06
5291 3.44012e-06 2.43295e-06
5293 1.47514e-06 1.46775e-06
5295 1.47558e-06 1.46818e-06
5297 4.35534e-06 3.23946e-06
5299 2.9529e-06 2.9381e-06
5301 2.88099e-06 2.01735e-06
5303 1.47732e-06 1.46991e-06
5307 2.88348e-06 2.01909e-06
5309 4.36295e-06 3.24515e-06
5311 2.95814e-06 2.94331e-06
5315 3.06098e-06 2.14388e-06
5317 1.48038e-06 1.47296e-06
5329 1.46242e-06 1.45509e-06
5331 2.87288e-06 2.01136e-06
5333 1.46327e-06 1.45594e-06
5335 2.9274e-06 2.91273e-06
5337 1.46413e-06 1.45679e-06
5339 4.53628e-06 3.37263e-06
5341 4.70082e-06 3.39111e-06
5343 4.53903e-06 3.37469e-06
5345 4.54041e-06 3.37572e-06
5347 1.53775e-06 1.53004e-06
5349 2.93341e-06 2.91871e-06
5351 6.55383e-06 4.08397e-06
5353 2.93513e-06 2.92042e-06
5355 5.94364e-06 4.62735e-06
5357 3.00855e-06 2.1066e-06
5359 1.54059e-06 1.53287e-06
5361 4.62321e-06 4.60004e-06
5363 1.49054e-06 1.48307e-06
5365 3.033e-06 2.12341e-06
5367 5.04951e-06 3.82483e-06
5369 6.30639e-06 3.74874e-06
5371 1.0999e-05 5.99202e-06
5373 1.40533e-05 7.96081e-06
5375 7.21977e-06 5.83727e-06
5377 1.54488e-06 1.53714e-06
5383 1.49499e-06 1.4875e-06
5387 1.42126e-06 1.41414e-06
5395 4.34344e-06 3.18634e-06
5397 2.97295e-06 2.08298e-06
5399 2.84738e-06 2.83311e-06
5401 4.27229e-06 4.25087e-06
5403 1.55111e-06 1.54333e-06
5417 1.55448e-06 1.54669e-06
5421 6.36762e-06 4.92582e-06
5423 3.11187e-06 3.09627e-06
5425 4.54182e-06 3.39492e-06
5427 5.71755e-06 5.68889e-06
5429 1.4298e-06 1.42263e-06
5431 2.86041e-06 2.84607e-06
5433 7.09207e-06 5.79618e-06
5435 5.20674e-06 4.0041e-06
5437 3.32e-06 2.34637e-06
5441 3.32225e-06 2.34799e-06
5443 7.10481e-06 5.80698e-06
5445 1.23779e-05 9.60065e-06
5447 2.92159e-06 2.04548e-06
5449 8.72939e-06 6.01172e-06
5451 3.45632e-06 2.43071e-06
5453 1.1531e-05 7.37166e-06
5455 3.45874e-06 2.43243e-06
5457 3.40745e-06 2.40062e-06
5459 1.5647e-06 1.55686e-06
5461 1.56519e-06 1.55734e-06
5463 3.13136e-06 3.11566e-06
5471 1.51492e-06 1.50733e-06
5479 1.44009e-06 1.43287e-06
5481 1.44051e-06 1.43329e-06
5487 1.5186e-06 1.51099e-06
5489 1.51906e-06 1.51145e-06
5491 2.96212e-06 2.0742e-06
5493 1.51999e-06 1.51237e-06
5495 1.52045e-06 1.51283e-06
5499 2.96563e-06 2.07666e-06
5501 2.96651e-06 2.07727e-06
5505 2.0517e-06 2.04142e-06
5507 7.73418e-06 6.30903e-06
5511 2.05423e-06 2.04393e-06
5513 4.34153e-06 4.31977e-06
5515 6.7975e-06 5.12321e-06
5517 3.6358e-06 2.56738e-06
5519 5.21867e-06 2.99292e-06
5521 1.58003e-06 1.57211e-06
5525 2.06016e-06 2.04983e-06
5527 8.24402e-06 8.2027e-06
5535 1.58554e-06 1.57759e-06
5537 1.58604e-06 1.57809e-06
5539 1.58655e-06 1.5786e-06
5541 7.30804e-06 5.16046e-06
5543 1.58755e-06 1.57959e-06
5545 4.76417e-06 4.74029e-06
5547 6.35425e-06 6.3224e-06
5549 3.17813e-06 3.1622e-06
5551 1.63854e-06 1.63033e-06
5553 1.63908e-06 1.63086e-06
5555 1.63961e-06 1.63139e-06
5561 1.5921e-06 1.58412e-06
5563 1.59261e-06 1.58463e-06
5565 1.59312e-06 1.58513e-06
5567 3.18725e-06 3.17127e-06
5569 1.59413e-06 1.58614e-06
5577 1.64935e-06 1.64108e-06
5579 1.64609e-06 1.63784e-06
5581 1.59515e-06 1.58715e-06
5583 4.8385e-06 3.5586e-06
5585 4.84006e-06 3.55974e-06
5587 9.63574e-06 5.91239e-06
5589 3.24803e-06 2.27389e-06
5591 4.6591e-06 3.48367e-06
5593 4.52647e-06 3.30516e-06
5595 9.37777e-06 4.81771e-06
5597 3.06627e-06 2.14855e-06
5599 4.66491e-06 3.48806e-06
5603 4.39883e-06 4.37678e-06
5605 2.93341e-06 2.91871e-06
5607 2.93427e-06 2.91956e-06
5623 4.41176e-06 4.38965e-06
5631 1.60798e-06 1.59992e-06
5633 4.82756e-06 3.5651e-06
5635 1.61108e-06 1.603e-06
5637 3.22321e-06 3.20705e-06
5641 1.61057e-06 1.6025e-06
5643 1.61108e-06 1.603e-06
5645 3.22528e-06 2.2577e-06
5647 6.45474e-06 5.06293e-06
5653 7.77188e-06 5.49472e-06
5655 4.43262e-06 4.4104e-06
5657 6.29876e-06 4.41761e-06
5659 7.58562e-06 6.09848e-06
5661 4.43656e-06 4.41432e-06
5663 4.43787e-06 4.41562e-06
5665 2.95946e-06 2.94463e-06
5667 1.48017e-06 1.47275e-06
5671 2.96209e-06 2.94724e-06
5675 1.48192e-06 1.47449e-06
5679 1.67364e-06 1.66525e-06
5681 3.11915e-06 3.10352e-06
5683 3.23482e-06 2.26583e-06
5685 3.23587e-06 2.26656e-06
5687 3.0456e-06 2.13261e-06
5689 4.68457e-06 4.66109e-06
5691 3.16639e-06 2.22078e-06
5693 6.2924e-06 3.7954e-06
5695 3.12598e-06 3.11031e-06
5697 3.24613e-06 2.27385e-06
5699 1.68322e-06 1.67478e-06
5701 1.56446e-06 1.55662e-06
5705 1.56544e-06 1.55759e-06
5707 6.68867e-06 4.6917e-06
5709 5.12451e-06 3.85371e-06
5711 8.26007e-06 5.8381e-06
5713 1.5674e-06 1.55954e-06
5715 9.75503e-06 6.83295e-06
5717 6.50546e-06 4.55677e-06
5719 4.82267e-06 3.52872e-06
5721 1.35517e-05 7.13304e-06
5723 8.30329e-06 4.87588e-06
5725 1.35649e-05 7.89907e-06
5727 5.16314e-06 2.93692e-06
5729 5.16892e-06 3.7906e-06
5731 6.73852e-06 3.30468e-06
5733 6.62022e-06 3.93638e-06
5735 3.36013e-06 2.35698e-06
5737 3.36127e-06 2.35778e-06
5739 3.14762e-06 3.13184e-06
5743 6.29921e-06 6.26763e-06
5745 1.5753e-06 1.5674e-06
5747 3.21434e-06 2.25048e-06
5749 5.00716e-06 2.8515e-06
5751 9.79768e-06 6.70199e-06
5753 5.06903e-06 2.88643e-06
5757 3.58873e-06 3.57074e-06
5761 5.04425e-06 3.74379e-06
5763 3.43915e-06 2.40985e-06
5765 3.44034e-06 2.41068e-06
5767 5.0223e-06 2.86015e-06
5769 1.58128e-06 1.57335e-06
5771 1.64501e-06 1.63676e-06
5773 5.24461e-06 3.9225e-06
5775 3.34706e-06 2.34326e-06
5777 3.50238e-06 2.45267e-06
5781 1.64772e-06 1.63946e-06
5783 1.64826e-06 1.64e-06
5785 1.80343e-06 1.79439e-06
5789 3.53045e-06 2.49807e-06
5791 5.63464e-06 4.10075e-06
5793 7.22413e-06 7.18792e-06
5795 1.07443e-05 9.13101e-06
5797 8.9408e-06 7.37517e-06
5799 1.71204e-06 1.70346e-06
5801 6.93606e-06 5.58929e-06
5803 3.52251e-06 2.46669e-06
5805 5.42986e-06 5.40264e-06
5807 8.73705e-06 5.84904e-06
5809 1.84564e-05 1.32964e-05
5811 1.54035e-05 1.07666e-05
5813 5.65823e-06 4.32975e-06
5815 4.99897e-06 3.63137e-06
5817 1.59337e-06 1.58538e-06
5819 5.22299e-06 3.92913e-06
5821 1.81521e-06 1.80611e-06
5823 5.22664e-06 3.93193e-06
5829 3.41427e-06 2.39511e-06
5831 1.00694e-05 5.26113e-06
5833 1.08357e-05 5.79521e-06
5835 1.87957e-05 1.09408e-05
5837 8.56118e-06 5.07089e-06
5839 3.545e-06 2.48245e-06
5841 4.92342e-06 3.60066e-06
5843 3.54752e-06 2.48422e-06
5845 5.17688e-06 5.15093e-06
5847 8.8263e-06 6.27254e-06
5849 5.37579e-06 4.00099e-06
5851 1.60205e-06 1.59402e-06
5853 6.85676e-06 4.8101e-06
5855 3.15203e-06 2.20675e-06
5857 1.84549e-05 9.72157e-06
5859 8.53097e-06 4.32218e-06
5861 7.70032e-06 6.25615e-06
5863 4.94671e-06 2.81462e-06
5865 8.29102e-06 4.92614e-06
5867 1.35555e-05 7.02728e-06
5869 4.94617e-06 3.61714e-06
5871 1.32084e-05 9.87963e-06
5873 3.35923e-06 2.36138e-06
5875 7.02747e-06 3.46762e-06
5877 1.23834e-05 9.63496e-06
5879 1.12467e-05 6.81356e-06
5881 1.01788e-05 4.59653e-06
5883 5.51392e-06 3.15121e-06
5885 8.96966e-06 5.40979e-06
5887 3.14133e-06 2.19968e-06
5889 7.19058e-06 5.08982e-06
5891 7.19323e-06 5.09174e-06
5893 1.55812e-06 1.55031e-06
5895 6.51574e-06 4.98237e-06
5897 6.77263e-06 4.22746e-06
5899 6.77494e-06 4.22895e-06
5901 9.12911e-06 6.02807e-06
5903 1.11494e-05 6.74794e-06
5905 1.37359e-05 1.05433e-05
5907 7.30182e-06 4.65133e-06
5909 6.75944e-06 5.07947e-06
5911 1.51667e-05 9.66177e-06
5913 5.48415e-06 3.13945e-06
5915 5.32432e-06 3.8181e-06
5917 2.07684e-06 2.06643e-06
5919 2.07771e-06 2.0673e-06
5921 3.41372e-06 2.39802e-06
5923 7.05975e-06 4.12898e-06
5925 8.62822e-06 5.39216e-06
5927 5.78282e-06 4.20703e-06
5929 4.98532e-06 3.6056e-06
5931 8.97618e-06 7.51938e-06
5933 7.25881e-06 4.23001e-06
5935 8.54471e-06 6.61705e-06
5937 5.69534e-06 3.27692e-06
5939 1.56937e-06 1.5615e-06
5943 6.28141e-06 6.24992e-06
5945 3.14169e-06 3.12594e-06
5947 9.2885e-06 9.24194e-06
5949 9.47009e-06 5.7335e-06
5951 1.85908e-06 1.84976e-06
5955 1.86047e-06 1.85114e-06
5957 7.15728e-06 5.75671e-06
5959 5.58555e-06 5.55755e-06
5967 1.86463e-06 1.85528e-06
5971 2.2899e-06 2.27842e-06
5973 2.29095e-06 2.27947e-06
5975 1.57828e-06 1.57037e-06
5977 5.315e-06 4.02112e-06
5979 1.57928e-06 1.57136e-06
5981 3.6846e-06 2.6058e-06
5983 4.21141e-06 4.1903e-06
5985 2.10659e-06 2.09603e-06
5987 2.10748e-06 2.09692e-06
5989 1.08788e-05 7.37235e-06
5991 7.96454e-06 5.58518e-06
5993 4.2203e-06 4.19915e-06
5999 1.87582e-06 1.86642e-06
6001 1.87652e-06 1.86711e-06
6005 2.30787e-06 2.2963e-06
6007 1.87864e-06 1.86922e-06
6017 6.36267e-06 6.33078e-06
6021 3.76719e-06 3.74831e-06
6023 3.76861e-06 3.74972e-06
6025 3.77003e-06 3.75113e-06
6027 3.77145e-06 3.75255e-06
6029 1.88644e-06 1.87698e-06
6031 1.13229e-05 1.12661e-05
6033 7.65514e-06 4.61151e-06
6035 7.52144e-06 4.45092e-06
6037 3.88247e-06 2.7308e-06
6039 2.13083e-06 2.12015e-06
6041 6.1542e-06 4.62313e-06
6043 3.50877e-06 3.49118e-06
6045 2.13356e-06 2.12287e-06
6055 1.75809e-06 1.74928e-06
6059 3.79435e-06 3.77533e-06
6061 1.89789e-06 1.88838e-06
6063 5.61273e-06 3.21701e-06
6065 3.66052e-06 2.56423e-06
6067 3.90542e-06 2.74709e-06
6069 8.19606e-06 6.62012e-06
6071 3.90851e-06 2.74929e-06
6073 2.14638e-06 2.13562e-06
6085 3.34336e-06 3.3266e-06
6099 1.66834e-06 1.65998e-06
6117 3.17158e-06 3.15568e-06
6119 3.17259e-06 3.15669e-06
6121 4.76039e-06 4.73653e-06
6123 3.1746e-06 3.15869e-06
6125 4.04921e-06 2.8771e-06
6127 7.89483e-06 4.7541e-06
6129 6.22127e-06 4.47715e-06
6131 7.44763e-06 5.96284e-06
6133 5.52622e-06 4.1617e-06
6135 1.92493e-06 1.91528e-06
6137 1.92567e-06 1.91602e-06
6139 1.67954e-06 1.67112e-06
6143 3.60857e-06 2.53204e-06
6145 5.53852e-06 4.17114e-06
6153 3.86324e-06 3.84388e-06
6155 1.93237e-06 1.92268e-06
6157 5.79934e-06 5.77027e-06
6159 3.86772e-06 3.84833e-06
6161 5.80383e-06 5.77474e-06
6163 5.80608e-06 5.77698e-06
6165 5.80833e-06 5.77922e-06
6167 7.74743e-06 7.7086e-06
6169 7.75044e-06 7.71159e-06
6171 3.73305e-06 2.61511e-06
6173 3.59066e-06 3.57266e-06
6175 5.53181e-06 4.04464e-06
6177 1.30083e-05 9.15682e-06
6179 1.79727e-06 1.78826e-06
6187 1.79986e-06 1.79084e-06
6189 3.60101e-06 3.58296e-06
6191 1.80115e-06 1.79212e-06
6197 3.6062e-06 3.58812e-06
6199 1.80375e-06 1.79471e-06
6203 3.75551e-06 2.63087e-06
6205 1.95122e-06 1.94144e-06
6207 3.90396e-06 3.88439e-06
6251 1.71792e-06 1.70931e-06
6281 1.94175e-06 1.93202e-06
6283 1.9425e-06 1.93276e-06
6295 1.94704e-06 1.93728e-06
6297 3.94261e-06 2.76003e-06
6299 3.94417e-06 2.76112e-06
6301 1.99641e-06 1.9864e-06
6307 1.73461e-06 1.72592e-06
6309 1.73521e-06 1.72651e-06
6311 1.73581e-06 1.72711e-06
6313 7.72406e-06 4.72389e-06
6315 3.73104e-06 2.61804e-06
6317 3.74042e-06 2.625e-06
6319 7.99843e-06 5.59891e-06
6321 5.73965e-06 3.27069e-06
6323 7.73104e-06 6.19091e-06
6325 5.50298e-06 4.10909e-06
6327 3.62282e-06 2.53795e-06
6329 1.88288e-06 1.87344e-06
6331 2.0004e-06 1.99037e-06
6333 2.0012e-06 1.99117e-06
6335 2.002e-06 1.99196e-06
6337 5.97675e-06 3.39872e-06
6339 7.99886e-06 6.29588e-06
6341 2.01248e-06 2.00239e-06
6345 5.91677e-06 4.40942e-06
6347 2.01491e-06 2.00481e-06
6349 2.01572e-06 2.00562e-06
6351 2.01654e-06 2.00643e-06
6353 2.01735e-06 2.00724e-06
6357 1.97083e-06 1.96095e-06
6359 1.97161e-06 1.96173e-06
6361 1.75101e-06 1.74223e-06
6363 1.75162e-06 1.74284e-06
6365 3.50447e-06 3.4869e-06
6367 3.72757e-06 2.61401e-06
6369 9.39532e-06 4.79383e-06
6371 9.80303e-06 8.07045e-06
6373 5.9312e-06 5.90147e-06
6375 1.97785e-06 1.96794e-06
6377 3.87869e-06 2.71565e-06
6379 3.92877e-06 2.75161e-06
6381 4.00901e-06 2.80652e-06
6383 1.00022e-05 7.12712e-06
6385 8.07314e-06 6.35456e-06
6387 1.98255e-06 1.97261e-06
6389 7.93336e-06 7.89359e-06
6391 1.98413e-06 1.97418e-06
6393 1.90585e-06 1.8963e-06
6395 1.90658e-06 1.89702e-06
6397 1.9073e-06 1.89774e-06
6415 2.0429e-06 2.03266e-06
6421 2.04541e-06 2.03516e-06
6467 1.93311e-06 1.92342e-06
6471 3.86922e-06 3.84983e-06
6473 1.93536e-06 1.92566e-06
6475 7.74443e-06 7.70561e-06
6477 1.93686e-06 1.92715e-06
6479 1.93761e-06 1.9279e-06
6481 6.06292e-06 4.51682e-06
6483 1.93911e-06 1.92939e-06
6485 3.87973e-06 3.86028e-06
6491 3.88425e-06 3.86478e-06
6523 3.76011e-06 3.74126e-06
6527 1.88147e-06 1.87204e-06
6529 1.88218e-06 1.87275e-06
6531 1.88288e-06 1.87344e-06
6533 3.76719e-06 3.74831e-06
6535 1.8843e-06 1.87485e-06
6539 1.88573e-06 1.87628e-06
6541 3.77287e-06 3.75396e-06
6575 3.94867e-06 3.92888e-06
6583 7.90983e-06 7.87018e-06
6585 5.93472e-06 5.90497e-06
6599 1.72652e-06 1.71787e-06
6601 1.72712e-06 1.71846e-06
6791 1.97981e-06 1.96989e-06
6793 1.98059e-06 1.97066e-06
6795 1.98138e-06 1.97145e-06
6797 1.98216e-06 1.97222e-06
6799 1.98295e-06 1.97301e-06
6801 1.98373e-06 1.97379e-06
6829 3.98963e-06 3.96963e-06
6831 3.99122e-06 3.97121e-06
6833 5.98922e-06 5.9592e-06
6835 5.99161e-06 5.96158e-06
6913 1.85254e-06 1.84325e-06
6941 1.94894e-06 1.93917e-06
6943 3.8994e-06 3.87985e-06
6945 3.90092e-06 3.88137e-06
6947 1.95122e-06 1.94144e-06
6949 1.95198e-06 1.9422e-06
6951 3.90549e-06 3.88591e-06
6967 1.84366e-06 1.83442e-06
6981 1.96425e-06 1.9544e-06
6983 1.96502e-06 1.95517e-06
6985 1.9658e-06 1.95595e-06
6987 1.96657e-06 1.95671e-06
6991 3.93623e-06 3.9165e-06
7023 1.98059e-06 1.97066e-06
7027 3.96432e-06 3.94445e-06
7031 2.16967e-06 2.15879e-06
7033 2.17061e-06 2.15973e-06
7035 2.17155e-06 2.16066e-06
7037 4.34499e-06 4.32321e-06
7071 1.8797e-06 1.87028e-06
7075 2.0012e-06 1.99117e-06
7077 2.002e-06 1.99196e-06
7079 4.00561e-06 3.98553e-06
7081 2.00361e-06 1.99357e-06
7083 4.00882e-06 3.98873e-06
7085 2.00521e-06 1.99516e-06
7089 2.00682e-06 1.99676e-06
7091 2.00763e-06 1.99757e-06
7093 2.00844e-06 1.99837e-06
7101 2.01167e-06 2.00159e-06
7103 2.01248e-06 2.00239e-06
7105 2.01329e-06 2.0032e-06
7107 2.0141e-06 2.004e-06
7109 2.01491e-06 2.00481e-06
7113 2.01654e-06 2.00643e-06
7115 2.01735e-06 2.00724e-06
7117 4.03633e-06 4.0161e-06
7119 2.01898e-06 2.00886e-06
7133 2.0247e-06 2.01455e-06
7139 2.02716e-06 2.017e-06
7141 2.02799e-06 2.01782e-06
7143 2.02881e-06 2.01864e-06
7147 6.48183e-06 4.84947e-06
7149 4.25796e-06 2.98377e-06
7151 4.25978e-06 2.98505e-06
7153 2.22866e-06 2.21749e-06
7159 8.92658e-06 8.88183e-06
7161 2.23264e-06 2.22145e-06
7163 2.03707e-06 2.02686e-06
7165 2.03791e-06 2.02769e-06
7167 2.03874e-06 2.02852e-06
7173 2.23864e-06 2.22742e-06
7175 2.23964e-06 2.22841e-06
7177 6.72194e-06 6.68825e-06
7179 2.24165e-06 2.23041e-06
7181 2.24266e-06 2.23142e-06
7183 2.24366e-06 2.23241e-06
7195 2.82725e-06 2.81308e-06
7199 2.2007e-06 2.18967e-06
7203 2.05381e-06 2.04352e-06
7215 8.53e-06 8.48724e-06
7217 7.74963e-06 6.00141e-06
7219 9.02831e-06 6.7455e-06
7221 2.06143e-06 2.0511e-06
7223 2.84981e-06 2.83553e-06
7225 2.06313e-06 2.05279e-06
7231 4.92202e-06 3.49048e-06
7233 7.14179e-06 4.10425e-06
7235 4.92699e-06 3.49409e-06
7237 2.06825e-06 2.05788e-06
7239 9.37248e-06 5.59615e-06
7241 4.93447e-06 3.49952e-06
7243 1.22476e-05 7.44316e-06
7245 1.22537e-05 7.44701e-06
7247 7.96308e-06 6.10309e-06
7249 4.29859e-06 3.01093e-06
7251 4.30044e-06 3.01222e-06
7253 1.08503e-05 8.8398e-06
7255 1.37324e-05 1.16372e-05
7257 1.15108e-05 1.14531e-05
7259 7.98886e-06 6.12357e-06
7261 5.76203e-06 5.73315e-06
7263 5.11482e-06 3.6098e-06
7265 5.76868e-06 5.73976e-06
7267 5.77201e-06 5.74308e-06
7273 5.78202e-06 5.75304e-06
7275 8.0235e-06 6.15109e-06
7277 1.38165e-05 1.17107e-05
7279 5.13617e-06 3.62511e-06
7281 5.13886e-06 3.62704e-06
7283 2.89939e-06 2.88486e-06
7285 2.90107e-06 2.88653e-06
7291 4.49236e-06 4.46984e-06
7293 5.10225e-06 3.60702e-06
7295 5.1049e-06 3.60893e-06
7297 8.01877e-06 6.17102e-06
7299 2.19732e-06 2.18631e-06
7301 2.9146e-06 2.89999e-06
7303 8.74891e-06 8.70506e-06
7305 5.83601e-06 5.80676e-06
7307 8.75912e-06 8.71521e-06
7309 2.92141e-06 2.90677e-06
7311 5.84624e-06 5.81694e-06
7313 5.84966e-06 5.82034e-06
7315 2.92654e-06 2.91187e-06
7317 2.92826e-06 2.91358e-06
7319 2.92997e-06 2.91528e-06
7331 2.21288e-06 2.20179e-06
7335 4.42968e-06 4.40748e-06
7337 4.43164e-06 4.40943e-06
7339 4.43361e-06 4.41139e-06
7341 2.21779e-06 2.20667e-06
7347 8.86263e-06 8.81821e-06
7349 2.95596e-06 2.94114e-06
7351 2.9577e-06 2.94287e-06
7353 2.95946e-06 2.94463e-06
7355 2.96121e-06 2.94637e-06
7357 4.45137e-06 4.42906e-06
7359 5.1914e-06 3.67126e-06
7361 2.22767e-06 2.2165e-06
7363 2.22866e-06 2.21749e-06
7367 2.23065e-06 2.21947e-06
7369 2.23164e-06 2.22045e-06
7399 1.99045e-06 1.98047e-06
7401 1.99124e-06 1.98126e-06
7411 2.25276e-06 2.24147e-06
7415 2.25479e-06 2.24349e-06
7417 2.25581e-06 2.2445e-06
7419 2.25683e-06 2.24552e-06
7431 4.52591e-06 4.50322e-06
7435 4.53001e-06 4.5073e-06
7437 2.26603e-06 2.25467e-06
7441 2.26809e-06 2.25672e-06
7445 2.00884e-06 1.99877e-06
7447 6.29047e-06 4.57354e-06
7449 6.29312e-06 4.57544e-06
7451 8.30703e-06 6.39407e-06
7453 2.01207e-06 2.00198e-06
7455 2.01288e-06 2.00279e-06
7457 2.01369e-06 2.0036e-06
7459 2.0145e-06 2.0044e-06
7461 2.01532e-06 2.00522e-06
7463 2.01613e-06 2.00602e-06
7465 6.05083e-06 6.0205e-06
7467 8.07103e-06 8.03057e-06
7471 4.03877e-06 4.01853e-06
7473 2.0202e-06 2.01007e-06
7475 4.04204e-06 4.02178e-06
7477 4.04367e-06 4.0234e-06
7479 4.04531e-06 4.02503e-06
7483 4.04858e-06 4.02829e-06
7485 2.02511e-06 2.01496e-06
7495 2.02922e-06 2.01905e-06
7497 2.03004e-06 2.01986e-06
7499 2.03087e-06 2.02069e-06
7507 2.03417e-06 2.02397e-06
7509 2.035e-06 2.0248e-06
7513 1.27581e-05 9.27393e-06
7515 4.07498e-06 4.05455e-06
7517 4.07664e-06 4.05621e-06
7519 2.03915e-06 2.02893e-06
7521 8.15993e-06 8.11903e-06
7523 4.08163e-06 4.06117e-06
7525 8.1666e-06 8.12566e-06
7527 6.12745e-06 6.09674e-06
7529 6.12996e-06 6.09923e-06
7531 2.04415e-06 2.0339e-06
7533 8.17996e-06 8.13896e-06
7535 4.09165e-06 4.07114e-06
7537 6.13999e-06 6.10921e-06
7539 2.0475e-06 2.03724e-06
7541 4.36906e-06 3.0644e-06
7545 2.05002e-06 2.03974e-06
7547 6.42568e-06 4.67033e-06
7549 2.0517e-06 2.04142e-06
7551 6.15764e-06 6.12677e-06
7553 2.05339e-06 2.0431e-06
7555 4.38252e-06 3.07388e-06
7557 1.13726e-05 9.47342e-06
7559 6.71684e-06 5.04973e-06
7561 2.05677e-06 2.04646e-06
7563 6.44786e-06 4.68621e-06
7565 6.17538e-06 6.14443e-06
7567 6.17792e-06 6.14695e-06
7569 1.46968e-05 1.24935e-05
7571 4.12201e-06 4.10135e-06
7573 8.52366e-06 6.55755e-06
7575 6.46459e-06 4.69818e-06
7577 4.40384e-06 3.08889e-06
7579 8.81156e-06 6.18052e-06
7581 4.68494e-06 4.66146e-06
7583 2.34357e-06 2.33182e-06
7585 7.034e-06 6.99874e-06
7589 2.34687e-06 2.33511e-06
7591 2.34797e-06 2.3362e-06
7593 2.34907e-06 2.3373e-06
7595 1.17509e-05 1.1692e-05
7597 1.17564e-05 1.16975e-05
7599 4.70478e-06 4.6812e-06
7603 2.3546e-06 2.3428e-06
7609 9.15107e-06 7.31548e-06
7611 2.07814e-06 2.06772e-06
7613 4.158e-06 4.13716e-06
7619 4.72701e-06 4.70332e-06
7625 2.0842e-06 2.07375e-06
7627 4.17014e-06 4.14924e-06
7629 2.08594e-06 2.07548e-06
7633 6.26305e-06 6.23166e-06
7637 4.17885e-06 4.1579e-06
7639 2.0903e-06 2.07982e-06
7641 2.09118e-06 2.0807e-06
7643 2.09205e-06 2.08156e-06
7669 2.51826e-06 2.50564e-06
7677 2.52334e-06 2.51069e-06
7685 2.40096e-06 2.38893e-06
7737 2.13402e-06 2.12332e-06
7751 2.14041e-06 2.12968e-06
7767 2.14777e-06 2.137e-06
7769 4.29738e-06 4.27584e-06
7771 4.29923e-06 4.27768e-06
7773 2.15054e-06 2.13976e-06
7775 2.15146e-06 2.14068e-06
7777 2.15239e-06 2.1416e-06
7779 2.15332e-06 2.14253e-06
7781 4.30849e-06 4.28689e-06
7783 4.31034e-06 4.28873e-06
7785 2.1561e-06 2.14529e-06
7789 2.15796e-06 2.14714e-06
7791 6.47668e-06 6.44422e-06
7793 2.15983e-06 2.149e-06
7801 6.4907e-06 6.45816e-06
7803 6.9352e-06 5.00515e-06
7805 8.66176e-06 8.61834e-06
7807 4.33276e-06 4.31104e-06
7809 6.50195e-06 6.46936e-06
7813 6.9514e-06 5.0166e-06
7815 4.78452e-06 3.36386e-06
7879 2.65887e-06 2.64554e-06
7881 4.86195e-06 3.41878e-06
7919 2.22025e-06 2.20912e-06
7921 2.22124e-06 2.21011e-06
7923 2.22222e-06 2.21108e-06
7925 2.22321e-06 2.21207e-06
7939 4.09836e-06 4.07782e-06
7941 4.10172e-06 4.08116e-06
7945 4.10846e-06 4.08787e-06
7947 4.11184e-06 4.09123e-06
7949 4.47027e-06 4.44786e-06
7961 2.24115e-06 2.22992e-06
7965 1.53583e-05 1.18573e-05
7967 6.7325e-06 6.69875e-06
7969 2.24517e-06 2.23392e-06
7971 4.15282e-06 4.132e-06
7973 2.24719e-06 2.23593e-06
7979 4.16667e-06 4.14578e-06
7991 2.25632e-06 2.24501e-06
7993 6.77201e-06 6.73806e-06
7995 2.25836e-06 2.24704e-06
8003 2.26244e-06 2.2511e-06
8005 2.26347e-06 2.25212e-06
8009 8.43882e-06 8.39652e-06
8011 4.22297e-06 4.2018e-06
8015 4.23012e-06 4.20892e-06
8017 4.2337e-06 4.21248e-06
8019 4.23729e-06 4.21605e-06
8021 4.24088e-06 4.21962e-06
8025 1.27443e-05 1.26804e-05
8029 2.27583e-06 2.26442e-06
8035 8.8241e-06 6.18031e-06
8043 4.28082e-06 4.25936e-06
8047 2.28519e-06 2.27374e-06
8057 2.29043e-06 2.27895e-06
8059 2.29148e-06 2.27999e-06
8067 4.59137e-06 4.56836e-06
8069 2.29674e-06 2.28523e-06
8075 2.29991e-06 2.28838e-06
8077 9.20387e-06 9.15774e-06
8079 6.90608e-06 6.87146e-06
8081 4.60617e-06 4.58308e-06
8083 4.60829e-06 4.58519e-06
8085 2.30521e-06 2.29365e-06
8087 2.30627e-06 2.29471e-06
8089 2.30734e-06 2.29577e-06
8145 4.47628e-06 4.45384e-06
8147 8.96057e-06 8.91565e-06
8149 5.41565e-06 5.3885e-06
8173 2.72554e-06 2.71188e-06
8191 4.7259e-06 4.70221e-06
8193 2.36407e-06 2.35222e-06
8255 9.4162e-06 9.369e-06
8271 4.68604e-06 4.66255e-06
8299 4.80769e-06 4.78359e-06
8301 4.81232e-06 4.7882e-06
8309 1.44928e-05 1.44202e-05
8311 2.41779e-05 2.40567e-05
8317 4.84966e-06 4.82535e-06
8357 9.8912e-06 9.84162e-06
8363 4.96032e-06 4.93546e-06
8369 4.97512e-06 4.95018e-06
8375 4.99002e-06 4.96501e-06
8377 4.995e-06 4.96996e-06
8383 1.50301e-05 1.49548e-05
8387 2.00803e-05 1.99796e-05
8389 2.01005e-05 1.99997e-05
8391 3.01811e-05 3.00298e-05
8393 2.51762e-05 2.505e-05
8395 3.02419e-05 3.00903e-05
8397 5.04541e-06 5.02012e-06
8399 5.05051e-06 5.02519e-06
8403 5.06073e-06 5.03536e-06
8443 2.94204e-06 2.92729e-06
8469 3.53357e-06 3.51586e-06
8471 7.07214e-06 7.03669e-06
8473 3.53857e-06 3.52083e-06
8481 7.09723e-06 7.06165e-06
8517 7.18907e-06 7.15303e-06
8519 1.07914e-05 1.07373e-05
8521 1.07991e-05 1.0745e-05
8523 1.80115e-05 1.79212e-05
8525 1.44196e-05 1.43473e-05
8529 1.08303e-05 1.0776e-05
8533 3.61533e-06 3.59721e-06
8535 3.61795e-06 3.59981e-06
8543 1.08853e-05 1.08307e-05
8565 3.65764e-06 3.63931e-06
8567 1.0981e-05 1.0926e-05
8571 3.66569e-06 3.64732e-06
8573 3.66838e-06 3.64999e-06
8579 3.67647e-06 3.65804e-06
8583 3.68189e-06 3.66343e-06
8585 3.6846e-06 3.66613e-06
8589 3.69004e-06 3.67154e-06
8591 3.69276e-06 3.67425e-06
8623 3.73692e-06 3.71819e-06
8639 4.13052e-06 4.10982e-06
8649 3.13185e-06 3.11615e-06
8669 4.18235e-06 4.16139e-06
8671 4.18585e-06 4.16487e-06
8717 4.26803e-06 4.24664e-06
8783 1.31752e-05 1.31092e-05
8785 9.89313e-06 6.96889e-06
8789 5.50358e-06 5.47599e-06
8791 2.7533e-06 2.7395e-06
8793 2.75482e-06 2.74101e-06
8831 4.48632e-06 4.46383e-06
9071 4.48833e-06 4.46583e-06
9097 4.54133e-06 4.51857e-06
9099 4.54545e-06 4.52267e-06
9101 4.54959e-06 4.52678e-06
9131 1.38376e-05 1.37682e-05
9135 4.62107e-06 4.59791e-06
9143 4.63822e-06 4.61497e-06
9145 4.64253e-06 4.61926e-06
9147 9.87423e-06 6.92414e-06
9149 9.88402e-06 6.93103e-06
9151 9.89383e-06 6.93793e-06
9153 5.24384e-06 5.21755e-06
9155 5.24934e-06 5.22303e-06
9157 5.25486e-06 5.22852e-06
9159 1.51937e-05 1.14112e-05
9161 9.9432e-06 6.97268e-06
9163 5.27148e-06 5.24506e-06
9165 5.27704e-06 5.25059e-06
9205 3.79219e-06 3.77318e-06
9207 3.79507e-06 3.77605e-06
9209 7.5959e-06 7.55783e-06
9211 7.60167e-06 7.56357e-06
9213 1.52149e-05 1.51386e-05
9215 1.14199e-05 1.13627e-05
9217 1.14286e-05 1.13713e-05
9281 9.52586e-06 6.77766e-06
9361 3.66032e-06 3.64197e-06
9363 3.663e-06 3.64464e-06
9365 3.66569e-06 3.64732e-06
9373 1.03842e-05 1.03321e-05
9375 5.19751e-06 5.17146e-06
9381 5.21376e-06 5.18763e-06
9385 5.22466e-06 5.19847e-06
9387 5.23013e-06 5.20391e-06
9393 5.24659e-06 5.22029e-06
9395 5.2521e-06 5.22577e-06
9397 1.05152e-05 1.04625e-05
9399 1.05263e-05 1.04735e-05
9401 1.05374e-05 1.04846e-05
9405 1.05597e-05 1.05068e-05
9413 5.30223e-06 5.27565e-06
9423 5.33049e-06 5.30377e-06
9425 5.33618e-06 5.30943e-06
9427 5.34188e-06 5.3151e-06
9429 5.34759e-06 5.32078e-06
9431 5.35332e-06 5.32649e-06
9433 5.35906e-06 5.3322e-06
9437 1.07411e-05 1.06873e-05
9439 1.6129e-05 1.60482e-05
9613 4.48632e-06 4.46383e-06
9653 4.5683e-06 4.5454e-06
9655 9.14495e-06 9.09911e-06
9657 1.83066e-05 1.82148e-05
9659 9.1617e-06 9.11578e-06
9661 9.17011e-06 9.12414e-06
9663 9.17852e-06 9.13251e-06
9665 1.7899e-05 1.42709e-05
9667 4.5977e-06 4.57465e-06
9677 4.61894e-06 4.59579e-06
9679 4.62321e-06 4.60004e-06
9687 4.64037e-06 4.61711e-06
9689 1.24792e-05 1.24166e-05
9691 4.1632e-06 4.14233e-06
9693 4.16667e-06 4.14578e-06
9695 9.31532e-06 9.26863e-06
9697 8.83562e-06 6.19457e-06
9699 1.35098e-05 1.01352e-05
9701 4.67071e-06 4.6473e-06
9703 8.3682e-06 8.32625e-06
9705 4.1876e-06 4.16661e-06
9707 4.19111e-06 4.1701e-06
9711 4.19815e-06 4.17711e-06
9713 8.40336e-06 8.36124e-06
9715 4.20521e-06 4.18413e-06
9717 4.20875e-06 4.18765e-06
9721 4.21585e-06 4.19472e-06
9723 1.26582e-05 1.25947e-05
9727 4.22654e-06 4.20535e-06
9729 4.23012e-06 4.20892e-06
9733 4.23729e-06 4.21605e-06
9737 4.24448e-06 4.2232e-06
9739 4.24809e-06 4.2268e-06
9743 4.25532e-06 4.23399e-06
9749 8.53242e-06 8.48965e-06
9753 8.54701e-06 8.50417e-06
9755 4.27716e-06 4.25572e-06
10181 1.20409e-05 1.19805e-05
10187 6.0423e-06 6.01201e-06
10189 6.04961e-06 6.01929e-06
10209 1.22474e-05 1.2186e-05
10211 6.13121e-06 6.10048e-06
10287 6.43087e-06 6.39863e-06
10297 1.2945e-05 1.28801e-05
10319 6.56599e-06 6.53308e-06
10321 6.57462e-06 6.54166e-06
10325 6.59196e-06 6.55892e-06
10327 6.60066e-06 6.56757e-06
10329 1.32188e-05 1.31525e-05
10331 6.61813e-06 6.58496e-06
10353 6.71592e-06 6.68226e-06
10355 2.01748e-05 2.00737e-05
10451 7.18907e-06 7.15303e-06
10453 7.19942e-06 7.16333e-06
10455 1.44196e-05 1.43473e-05
10457 7.17875e-06 7.14277e-06
10459 1.44197e-05 1.00939e-05
10461 7.24113e-06 7.20483e-06
10463 7.25163e-06 7.21528e-06
10467 7.27273e-06 7.23627e-06
10765 9.21659e-06 9.17039e-06
10775 1.86047e-05 1.85114e-05
10915 1.06952e-05 1.06416e-05
10925 1.08108e-05 1.07566e-05
10927 1.08342e-05 1.07799e-05
10931 1.08814e-05 1.08269e-05
10935 1.0929e-05 1.08742e-05
10945 2.20994e-05 2.19886e-05
10947 2.21484e-05 2.20374e-05
10953 1.11483e-05 1.10924e-05
10955 2.23464e-05 2.22344e-05
10963 1.1274e-05 1.12175e-05
10973 1.14025e-05 1.13453e-05
10975 1.14286e-05 1.13713e-05
10977 1.14548e-05 1.13974e-05
10979 2.29621e-05 2.2847e-05
10981 3.45224e-05 3.43494e-05
10983 1.1534e-05 1.14762e-05
10985 3.46821e-05 3.45083e-05
10989 2.33377e-05 1.63366e-05
10991 2.32829e-05 2.31662e-05
10993 1.16686e-05 1.16101e-05
10995 1.16959e-05 1.16373e-05
10997 1.17233e-05 1.16645e-05
11043 2.47831e-05 2.46589e-05
11063 1.27065e-05 1.26428e-05
11371 2.12314e-05 2.1125e-05
11373 2.1322e-05 2.12151e-05
11375 2.14133e-05 2.1306e-05
11557 3.50877e-05 3.49118e-05
11561 3.55872e-05 3.54088e-05
11571 7.38007e-05 7.34308e-05
11585 3.89105e-05 3.87155e-05
11587 3.92157e-05 3.90191e-05
11589 7.90514e-05 7.86551e-05
